0 )                         omega      phi_s_Hip      phi_e_Hip        Amp_Hip    phi_s_knee1    phi_e_knee1      Amp_knee1    phi_s_knee2    phi_e_knee2      Amp_knee2   phi_s_toeOff    dphi_toeOff     Amp_toeOff     phi_s_flex      dphi_flex       Amp_flex  phi_s_PushOff   dphi_PushOff    Amp_PushOff      x_fitness          U_fit    STS_fitness
             1)         1.6688         0.2084          0.276       -14.2228         0.0959         0.0473          1.513         0.8779          0.068         3.0489          0.004          0.443       -10.7856         0.4447         0.8697         1.5035          0.759         0.2113       -10.0994         1.5709         0.0144           0.27
             2)         1.6688         0.2084          0.276       -14.2228         0.0959         0.0473          1.513         0.8779          0.068         3.0489          0.004          0.443       -10.7856         0.4447         0.8697         1.5035          0.759         0.2113       -10.0994         1.5709         0.0144           0.27
             3)         1.6879         0.2098         0.2492       -14.2137         0.5785         0.0435        11.2778         0.6389         0.0474         6.5439         0.0027         0.4491       -10.7058         0.4079         0.8588         1.5071          0.765         0.2073        -9.9584         0.5019         0.0049          0.305
1 )                         omega      phi_s_Hip      phi_e_Hip        Amp_Hip    phi_s_knee1    phi_e_knee1      Amp_knee1    phi_s_knee2    phi_e_knee2      Amp_knee2   phi_s_toeOff    dphi_toeOff     Amp_toeOff     phi_s_flex      dphi_flex       Amp_flex  phi_s_PushOff   dphi_PushOff    Amp_PushOff      x_fitness          U_fit    STS_fitness
             1)         1.6796         0.2254         0.2703       -15.5573         0.8473         0.0805         13.338         0.0158         0.0816          8.162         0.0042         0.4379       -10.7807         0.4494         0.8739         1.5011         0.7574         0.2039        -9.9116          1.583         0.0155          0.245
             2)         1.6796         0.2254         0.2703       -15.5573         0.8473         0.0805         13.338         0.0158         0.0816          8.162         0.0042         0.4379       -10.7807         0.4494         0.8739         1.5011         0.7574         0.2039        -9.9116          1.583         0.0155          0.245
             3)         1.7038         0.2357         0.2552       -15.3695         0.3779         0.0602        11.6877         0.8673         0.0389        18.3007         0.0039         0.4447       -10.7469         0.4487         0.8375         1.5121         0.7549         0.2168       -10.0427         0.9242         0.0088          0.305
2 )                         omega      phi_s_Hip      phi_e_Hip        Amp_Hip    phi_s_knee1    phi_e_knee1      Amp_knee1    phi_s_knee2    phi_e_knee2      Amp_knee2   phi_s_toeOff    dphi_toeOff     Amp_toeOff     phi_s_flex      dphi_flex       Amp_flex  phi_s_PushOff   dphi_PushOff    Amp_PushOff      x_fitness          U_fit    STS_fitness
             1)         1.6991         0.2236         0.2695       -14.1886         0.1519         0.0498         10.645          0.023         0.0753        17.4796         0.0028         0.4432       -10.7941         0.4254         0.8478           1.52         0.7661         0.2069        -9.9191         1.5896         0.0152          0.305
             2)         1.6991         0.2236         0.2695       -14.1886         0.1519         0.0498         10.645          0.023         0.0753        17.4796         0.0028         0.4432       -10.7941         0.4254         0.8478           1.52         0.7661         0.2069        -9.9191         1.5896         0.0152          0.305
             3)         1.6991         0.2236         0.2695       -14.1886         0.1519         0.0498         10.645          0.023         0.0753        17.4796         0.0028         0.4432       -10.7941         0.4254         0.8478           1.52         0.7661         0.2069        -9.9191         1.5896         0.0152          0.305
3 )                         omega      phi_s_Hip      phi_e_Hip        Amp_Hip    phi_s_knee1    phi_e_knee1      Amp_knee1    phi_s_knee2    phi_e_knee2      Amp_knee2   phi_s_toeOff    dphi_toeOff     Amp_toeOff     phi_s_flex      dphi_flex       Amp_flex  phi_s_PushOff   dphi_PushOff    Amp_PushOff      x_fitness          U_fit    STS_fitness
             1)          1.687         0.2038         0.2537       -15.3188         0.4539         0.0584        17.5863         0.2048         0.0422          5.815         0.0034           0.45       -10.8763         0.4383         0.8711          1.511          0.749         0.2146        -9.9995         1.5142         0.0132          0.255
             2)          1.687         0.2038         0.2537       -15.3188         0.4539         0.0584        17.5863         0.2048         0.0422          5.815         0.0034           0.45       -10.8763         0.4383         0.8711          1.511          0.749         0.2146        -9.9995         1.5142         0.0132          0.255
             3)         1.7134         0.2357         0.2587       -15.7743         0.2957         0.0507         12.164         0.8765         0.0852         3.1037         0.0035          0.441       -10.7536         0.4483         0.8384           1.48         0.7574         0.2167       -10.0373         0.8974         0.0075          0.305
             5)         1.7134         0.2357         0.2587       -15.7743         0.2957         0.0507         12.164         0.8765         0.0852         3.1037         0.0035          0.441       -10.7536         0.4483         0.8384           1.48         0.7574         0.2167       -10.0373         0.8974         0.0075          0.305
4 )                         omega      phi_s_Hip      phi_e_Hip        Amp_Hip    phi_s_knee1    phi_e_knee1      Amp_knee1    phi_s_knee2    phi_e_knee2      Amp_knee2   phi_s_toeOff    dphi_toeOff     Amp_toeOff     phi_s_flex      dphi_flex       Amp_flex  phi_s_PushOff   dphi_PushOff    Amp_PushOff      x_fitness          U_fit    STS_fitness
             1)         1.7297         0.2082         0.2429       -14.2436         0.1589         0.0855         17.169         0.3499         0.0788        17.3291         0.0036         0.4418       -10.8664         0.4241         0.8489         1.5172         0.7565         0.2086        -9.9353         1.5256         0.0141          0.265
             2)         1.7297         0.2082         0.2429       -14.2436         0.1589         0.0855         17.169         0.3499         0.0788        17.3291         0.0036         0.4418       -10.8664         0.4241         0.8489         1.5172         0.7565         0.2086        -9.9353         1.5256         0.0141          0.265
             3)         1.7228         0.2087         0.2434       -14.2253         0.1924         0.0832        10.0417         0.0331         0.0803        19.1789         0.0029          0.446       -10.7818         0.4148           0.85         1.5184         0.7651         0.2067        -9.9819         0.8032         0.0073          0.305
             5)         1.7228         0.2087         0.2434       -14.2253         0.1924         0.0832        10.0417         0.0331         0.0803        19.1789         0.0029          0.446       -10.7818         0.4148           0.85         1.5184         0.7651         0.2067        -9.9819         0.8032         0.0073          0.305
5 )                         omega      phi_s_Hip      phi_e_Hip        Amp_Hip    phi_s_knee1    phi_e_knee1      Amp_knee1    phi_s_knee2    phi_e_knee2      Amp_knee2   phi_s_toeOff    dphi_toeOff     Amp_toeOff     phi_s_flex      dphi_flex       Amp_flex  phi_s_PushOff   dphi_PushOff    Amp_PushOff      x_fitness          U_fit    STS_fitness
             1)         1.7428         0.2076         0.2408       -14.1957         0.1961         0.0844        17.7565         0.3942         0.0793        17.9598         0.0035          0.442       -10.8639         0.4256         0.8484         1.5166         0.7562         0.2098        -9.9402         1.7852         0.0173            0.3
             2)         1.7428         0.2076         0.2408       -14.1957         0.1961         0.0844        17.7565         0.3942         0.0793        17.9598         0.0035          0.442       -10.8639         0.4256         0.8484         1.5166         0.7562         0.2098        -9.9402         1.7852         0.0173            0.3
             3)         1.7363         0.2079         0.2436       -14.2264          0.177         0.0823        10.0809            0.0          0.078        18.9299         0.0029         0.4443       -10.7863         0.4144         0.8498         1.5196         0.7635         0.2087        -9.9701         0.8381         0.0081          0.305
            17)         1.7363         0.2079         0.2436       -14.2264          0.177         0.0823        10.0809            0.0          0.078        18.9299         0.0029         0.4443       -10.7863         0.4144         0.8498         1.5196         0.7635         0.2087        -9.9701         0.8381         0.0081          0.305
6 )                         omega      phi_s_Hip      phi_e_Hip        Amp_Hip    phi_s_knee1    phi_e_knee1      Amp_knee1    phi_s_knee2    phi_e_knee2      Amp_knee2   phi_s_toeOff    dphi_toeOff     Amp_toeOff     phi_s_flex      dphi_flex       Amp_flex  phi_s_PushOff   dphi_PushOff    Amp_PushOff      x_fitness          U_fit    STS_fitness
             1)         1.6997         0.2105         0.2439       -14.3072         0.1783         0.0842        16.0416         0.7605           0.08        18.1651         0.0036         0.4418       -10.8706         0.4405         0.8437          1.485         0.7548         0.2161       -10.0529         1.7035         0.0164          0.305
             2)         1.6997         0.2105         0.2439       -14.3072         0.1783         0.0842        16.0416         0.7605           0.08        18.1651         0.0036         0.4418       -10.8706         0.4405         0.8437          1.485         0.7548         0.2161       -10.0529         1.7035         0.0164          0.305
             3)         1.7435         0.2081         0.2458        -14.252         0.1751         0.0824         9.9458         0.0129         0.0803        18.7641         0.0029         0.4457       -10.7917          0.415         0.8495         1.5192          0.762         0.2075        -9.9718         0.5915         0.0054          0.305
            29)         1.7435         0.2081         0.2458        -14.252         0.1751         0.0824         9.9458         0.0129         0.0803        18.7641         0.0029         0.4457       -10.7917          0.415         0.8495         1.5192          0.762         0.2075        -9.9718         0.5915         0.0054          0.305
7 )                         omega      phi_s_Hip      phi_e_Hip        Amp_Hip    phi_s_knee1    phi_e_knee1      Amp_knee1    phi_s_knee2    phi_e_knee2      Amp_knee2   phi_s_toeOff    dphi_toeOff     Amp_toeOff     phi_s_flex      dphi_flex       Amp_flex  phi_s_PushOff   dphi_PushOff    Amp_PushOff      x_fitness          U_fit    STS_fitness
             1)         1.5533         0.2261          0.253       -14.2193         0.2045         0.0569        10.9832         0.1043         0.0729        17.6577         0.0028         0.4459       -10.7659         0.4108         0.8362         1.4914         0.7704         0.2087        -9.9907         1.7887          0.015          0.285
             2)         1.5533         0.2261          0.253       -14.2193         0.2045         0.0569        10.9832         0.1043         0.0729        17.6577         0.0028         0.4459       -10.7659         0.4108         0.8362         1.4914         0.7704         0.2087        -9.9907         1.7887          0.015          0.285
             3)          1.714         0.2109         0.2446        -14.381         0.1876         0.0862        16.6131         0.7643         0.0793        17.0021         0.0037         0.4419       -10.8744         0.4418         0.8434         1.4852          0.754         0.2154       -10.0593         1.3441         0.0122          0.305
8 )                         omega      phi_s_Hip      phi_e_Hip        Amp_Hip    phi_s_knee1    phi_e_knee1      Amp_knee1    phi_s_knee2    phi_e_knee2      Amp_knee2   phi_s_toeOff    dphi_toeOff     Amp_toeOff     phi_s_flex      dphi_flex       Amp_flex  phi_s_PushOff   dphi_PushOff    Amp_PushOff      x_fitness          U_fit    STS_fitness
             1)         1.7556         0.2077         0.2441       -14.2342          0.676         0.0413        18.6127            0.0         0.0784        18.1951         0.0029         0.4436       -10.8638         0.4146         0.8439         1.5196         0.7611         0.2095         -9.967         1.5963         0.0152          0.295
             2)         1.7556         0.2077         0.2441       -14.2342          0.676         0.0413        18.6127            0.0         0.0784        18.1951         0.0029         0.4436       -10.8638         0.4146         0.8439         1.5196         0.7611         0.2095         -9.967         1.5963         0.0152          0.295
             3)          1.698         0.2124         0.2544       -14.9775         0.3199          0.086        16.8964          0.769         0.0817        17.6201         0.0035         0.4448       -10.7674         0.4415         0.8443         1.4893         0.7632         0.2154       -10.0618         0.8784         0.0073          0.305
             6)          1.698         0.2124         0.2544       -14.9775         0.3199          0.086        16.8964          0.769         0.0817        17.6201         0.0035         0.4448       -10.7674         0.4415         0.8443         1.4893         0.7632         0.2154       -10.0618         0.8784         0.0073          0.305
9 )                         omega      phi_s_Hip      phi_e_Hip        Amp_Hip    phi_s_knee1    phi_e_knee1      Amp_knee1    phi_s_knee2    phi_e_knee2      Amp_knee2   phi_s_toeOff    dphi_toeOff     Amp_toeOff     phi_s_flex      dphi_flex       Amp_flex  phi_s_PushOff   dphi_PushOff    Amp_PushOff      x_fitness          U_fit    STS_fitness
             1)         1.7313         0.2223         0.2483        -15.758         0.1594         0.0585        14.8027         0.1338         0.0584        17.7571         0.0035         0.4416       -10.8741         0.4114         0.8412           1.52           0.75         0.2079        -9.9302         1.5245         0.0145          0.265
             2)         1.7313         0.2223         0.2483        -15.758         0.1594         0.0585        14.8027         0.1338         0.0584        17.7571         0.0035         0.4416       -10.8741         0.4114         0.8412           1.52           0.75         0.2079        -9.9302         1.5245         0.0145          0.265
             3)         1.7492         0.2076         0.2423       -14.2732         0.6662         0.0429        19.2793         0.0525         0.0765        17.5352          0.003         0.4446       -10.8582         0.4164         0.8438           1.52          0.759         0.2103         -9.965         1.5107         0.0132          0.305
10 )                         omega      phi_s_Hip      phi_e_Hip        Amp_Hip    phi_s_knee1    phi_e_knee1      Amp_knee1    phi_s_knee2    phi_e_knee2      Amp_knee2   phi_s_toeOff    dphi_toeOff     Amp_toeOff     phi_s_flex      dphi_flex       Amp_flex  phi_s_PushOff   dphi_PushOff    Amp_PushOff      x_fitness          U_fit    STS_fitness
             1)         1.7122         0.2103         0.2539       -15.7534         0.5962         0.0826           20.0         0.3579          0.082         8.6176         0.0037         0.4391       -10.8676         0.4108         0.8459         1.4845         0.7374         0.2228        -9.9516         1.7631         0.0151          0.305
             2)         1.5971         0.2269         0.2553       -15.4035            0.9         0.0788        14.8692          0.046         0.0395        17.5795         0.0036         0.4441       -10.7733         0.4429         0.8566         1.5141         0.7564         0.2061       -10.0166         1.5938          0.016          0.295
             3)         1.7235          0.208         0.2465       -15.3611         0.6127         0.0639        19.8041         0.3342         0.0761        15.3075         0.0037         0.4427       -10.8644         0.4126         0.8441         1.5192         0.7365         0.2276        -9.9772         1.0174         0.0098          0.305
            11)         1.7235          0.208         0.2465       -15.3611         0.6127         0.0639        19.8041         0.3342         0.0761        15.3075         0.0037         0.4427       -10.8644         0.4126         0.8441         1.5192         0.7365         0.2276        -9.9772         1.0174         0.0098          0.305
11 )                         omega      phi_s_Hip      phi_e_Hip        Amp_Hip    phi_s_knee1    phi_e_knee1      Amp_knee1    phi_s_knee2    phi_e_knee2      Amp_knee2   phi_s_toeOff    dphi_toeOff     Amp_toeOff     phi_s_flex      dphi_flex       Amp_flex  phi_s_PushOff   dphi_PushOff    Amp_PushOff      x_fitness          U_fit    STS_fitness
             1)         1.7215         0.2102         0.2533       -15.8149         0.6369         0.0808           20.0         0.3884         0.0764         8.2826         0.0038         0.4397        -10.877         0.4109         0.8441         1.4837         0.7389         0.2218        -9.9489         1.5212         0.0132           0.28
             2)         1.7443         0.2078         0.2477       -15.8566         0.1876         0.0672        16.4672          0.424         0.0606        12.5663         0.0035         0.4369       -10.8667         0.4241         0.8416         1.5128         0.7517         0.2076       -10.0314         1.5135         0.0132          0.255
             3)            1.7         0.2173         0.2499       -14.0505         0.7258         0.0801         2.8572         0.4091          0.045         9.6392         0.0031         0.4486       -10.7624         0.4349         0.8449         1.5148         0.7431         0.2106        -9.9468         0.7856         0.0076          0.305
            11)            1.7         0.2173         0.2499       -14.0505         0.7258         0.0801         2.8572         0.4091          0.045         9.6392         0.0031         0.4486       -10.7624         0.4349         0.8449         1.5148         0.7431         0.2106        -9.9468         0.7856         0.0076          0.305
12 )                         omega      phi_s_Hip      phi_e_Hip        Amp_Hip    phi_s_knee1    phi_e_knee1      Amp_knee1    phi_s_knee2    phi_e_knee2      Amp_knee2   phi_s_toeOff    dphi_toeOff     Amp_toeOff     phi_s_flex      dphi_flex       Amp_flex  phi_s_PushOff   dphi_PushOff    Amp_PushOff      x_fitness          U_fit    STS_fitness
             1)         1.7365         0.2069         0.2489       -15.8776         0.2346         0.0659        15.4306         0.3448         0.0744        15.4791         0.0036         0.4363       -10.8815         0.4221         0.8433           1.52           0.75         0.2283        -9.9972         1.9203         0.0165          0.295
             2)         1.7365         0.2069         0.2489       -15.8776         0.2346         0.0659        15.4306         0.3448         0.0744        15.4791         0.0036         0.4363       -10.8815         0.4221         0.8433           1.52           0.75         0.2283        -9.9972         1.9203         0.0165          0.295
             3)         1.7252         0.2066          0.246        -14.071         0.5831         0.0564        15.4176         0.5993         0.0729        16.6982         0.0036         0.4415       -10.7475          0.413         0.8463           1.52         0.7368         0.2289       -10.0315         0.8463         0.0075          0.305
            20)         1.7252         0.2066          0.246        -14.071         0.5831         0.0564        15.4176         0.5993         0.0729        16.6982         0.0036         0.4415       -10.7475          0.413         0.8463           1.52         0.7368         0.2289       -10.0315         0.8463         0.0075          0.305
13 )                         omega      phi_s_Hip      phi_e_Hip        Amp_Hip    phi_s_knee1    phi_e_knee1      Amp_knee1    phi_s_knee2    phi_e_knee2      Amp_knee2   phi_s_toeOff    dphi_toeOff     Amp_toeOff     phi_s_flex      dphi_flex       Amp_flex  phi_s_PushOff   dphi_PushOff    Amp_PushOff      x_fitness          U_fit    STS_fitness
             1)         1.7401         0.2265          0.251       -15.7285         0.6326          0.077           20.0         0.4133          0.085         8.4735         0.0032         0.4453       -10.8661         0.4134         0.8691         1.4838         0.7525           0.22        -9.9184         1.7312         0.0169          0.305
             2)         1.7401         0.2265          0.251       -15.7285         0.6326          0.077           20.0         0.4133          0.085         8.4735         0.0032         0.4453       -10.8661         0.4134         0.8691         1.4838         0.7525           0.22        -9.9184         1.7312         0.0169          0.305
             3)         1.7164         0.2077         0.2404       -15.3131          0.293         0.0798        12.9265         0.2974         0.0796        15.8455         0.0036          0.443       -10.8564         0.4414         0.8422         1.5182         0.7367         0.2243        -9.9392         1.5881         0.0144          0.305
             6)         1.7164         0.2077         0.2404       -15.3131          0.293         0.0798        12.9265         0.2974         0.0796        15.8455         0.0036          0.443       -10.8564         0.4414         0.8422         1.5182         0.7367         0.2243        -9.9392         1.5881         0.0144          0.305
14 )                         omega      phi_s_Hip      phi_e_Hip        Amp_Hip    phi_s_knee1    phi_e_knee1      Amp_knee1    phi_s_knee2    phi_e_knee2      Amp_knee2   phi_s_toeOff    dphi_toeOff     Amp_toeOff     phi_s_flex      dphi_flex       Amp_flex  phi_s_PushOff   dphi_PushOff    Amp_PushOff      x_fitness          U_fit    STS_fitness
             1)          1.685         0.2107          0.257       -15.4922         0.0861         0.0478        15.8163         0.1221         0.0575         8.5323         0.0029         0.4428       -10.8647         0.4149          0.839         1.4829         0.7436         0.2294        -9.9854         1.7975         0.0155          0.305
             2)          1.685         0.2107          0.257       -15.4922         0.0861         0.0478        15.8163         0.1221         0.0575         8.5323         0.0029         0.4428       -10.8647         0.4149          0.839         1.4829         0.7436         0.2294        -9.9854         1.7975         0.0155          0.305
             3)          1.714         0.2149          0.253       -14.2532         0.1656         0.0775        19.0962         0.5341         0.0781        16.3073         0.0041         0.4325       -10.7811         0.4165          0.843         1.5184          0.743         0.2326        -9.9177         1.1061         0.0096          0.305
             7)          1.714         0.2149          0.253       -14.2532         0.1656         0.0775        19.0962         0.5341         0.0781        16.3073         0.0041         0.4325       -10.7811         0.4165          0.843         1.5184          0.743         0.2326        -9.9177         1.1061         0.0096          0.305
15 )                         omega      phi_s_Hip      phi_e_Hip        Amp_Hip    phi_s_knee1    phi_e_knee1      Amp_knee1    phi_s_knee2    phi_e_knee2      Amp_knee2   phi_s_toeOff    dphi_toeOff     Amp_toeOff     phi_s_flex      dphi_flex       Amp_flex  phi_s_PushOff   dphi_PushOff    Amp_PushOff      x_fitness          U_fit    STS_fitness
             1)         1.7193         0.2275           0.25       -15.7495         0.3086         0.0498         1.2593         0.1401         0.0832          16.64         0.0036         0.4448        -10.858         0.4071         0.8672           1.52         0.7523         0.2213        -9.9319         1.7544         0.0154          0.305
             2)         1.7193         0.2275           0.25       -15.7495         0.3086         0.0498         1.2593         0.1401         0.0832          16.64         0.0036         0.4448        -10.858         0.4071         0.8672           1.52         0.7523         0.2213        -9.9319         1.7544         0.0154          0.305
             3)         1.7219         0.2125         0.2476       -15.5861         0.0818         0.0571        17.5282         0.0573         0.0355        16.6384         0.0029         0.4433       -10.8617         0.4071         0.8454         1.5192         0.7577         0.2271       -10.0501         1.6729         0.0134          0.305
             4)         1.7219         0.2125         0.2476       -15.5861         0.0818         0.0571        17.5282         0.0573         0.0355        16.6384         0.0029         0.4433       -10.8617         0.4071         0.8454         1.5192         0.7577         0.2271       -10.0501         1.6729         0.0134          0.305
16 )                         omega      phi_s_Hip      phi_e_Hip        Amp_Hip    phi_s_knee1    phi_e_knee1      Amp_knee1    phi_s_knee2    phi_e_knee2      Amp_knee2   phi_s_toeOff    dphi_toeOff     Amp_toeOff     phi_s_flex      dphi_flex       Amp_flex  phi_s_PushOff   dphi_PushOff    Amp_PushOff      x_fitness          U_fit    STS_fitness
             1)         1.7031         0.2282         0.2743       -15.6961         0.5239         0.0698        13.7255         0.3507         0.0476        18.0396         0.0034         0.4383       -10.8648         0.4483         0.8426         1.5182         0.7544         0.2217        -9.9397         1.7933         0.0148          0.305
             2)         1.7677         0.2258          0.237       -15.7209         0.6773          0.062            0.0          0.696         0.0699         8.6131         0.0037         0.4472       -10.8905          0.412         0.8662         1.4838         0.7482          0.229        -9.9306         1.6934         0.0165          0.295
             3)         1.6995         0.2177         0.2754       -14.4694         0.8534         0.0472         1.1077         0.7618         0.0497         13.454         0.0033         0.4423       -10.7575          0.438         0.8513         1.5125         0.7522         0.2092        -9.9289         0.9695         0.0088          0.305
            11)         1.6995         0.2177         0.2754       -14.4694         0.8534         0.0472         1.1077         0.7618         0.0497         13.454         0.0033         0.4423       -10.7575          0.438         0.8513         1.5125         0.7522         0.2092        -9.9289         0.9695         0.0088          0.305
17 )                         omega      phi_s_Hip      phi_e_Hip        Amp_Hip    phi_s_knee1    phi_e_knee1      Amp_knee1    phi_s_knee2    phi_e_knee2      Amp_knee2   phi_s_toeOff    dphi_toeOff     Amp_toeOff     phi_s_flex      dphi_flex       Amp_flex  phi_s_PushOff   dphi_PushOff    Amp_PushOff      x_fitness          U_fit    STS_fitness
             1)         1.6849         0.2172         0.2494       -15.8636         0.7029           0.09        14.6312         0.6618         0.0585        16.4351         0.0037         0.4435       -10.8856         0.4436           0.87         1.5173         0.7465         0.2088        -9.9409         1.8063         0.0159          0.305
             2)         1.6849         0.2172         0.2494       -15.8636         0.7029           0.09        14.6312         0.6618         0.0585        16.4351         0.0037         0.4435       -10.8856         0.4436           0.87         1.5173         0.7465         0.2088        -9.9409         1.8063         0.0159          0.305
             3)         1.7326         0.2023         0.2483       -14.1568         0.6551         0.0742            0.0         0.3546         0.0318        18.3523         0.0039         0.4463        -10.894           0.45         0.8457           1.52         0.7596         0.2082       -10.0468         1.1719         0.0113          0.305
            13)         1.7326         0.2023         0.2483       -14.1568         0.6551         0.0742            0.0         0.3546         0.0318        18.3523         0.0039         0.4463        -10.894           0.45         0.8457           1.52         0.7596         0.2082       -10.0468         1.1719         0.0113          0.305
18 )                         omega      phi_s_Hip      phi_e_Hip        Amp_Hip    phi_s_knee1    phi_e_knee1      Amp_knee1    phi_s_knee2    phi_e_knee2      Amp_knee2   phi_s_toeOff    dphi_toeOff     Amp_toeOff     phi_s_flex      dphi_flex       Amp_flex  phi_s_PushOff   dphi_PushOff    Amp_PushOff      x_fitness          U_fit    STS_fitness
             1)          1.711         0.2032         0.2541       -15.8773         0.1081         0.0813           20.0         0.6872         0.0533        17.4854         0.0032         0.4473       -10.8609         0.4077         0.8697         1.5154         0.7554         0.2223       -10.0077          1.762         0.0155          0.305
             2)          1.711         0.2032         0.2541       -15.8773         0.1081         0.0813           20.0         0.6872         0.0533        17.4854         0.0032         0.4473       -10.8609         0.4077         0.8697         1.5154         0.7554         0.2223       -10.0077          1.762         0.0155          0.305
             3)         1.7211         0.2046         0.2389       -14.3683         0.7173         0.0705         0.1687         0.6684         0.0317        15.9355         0.0039         0.4479       -10.7643         0.4498         0.8425         1.5196         0.7492         0.2096       -10.0476         0.5919         0.0058          0.305
             8)         1.7211         0.2046         0.2389       -14.3683         0.7173         0.0705         0.1687         0.6684         0.0317        15.9355         0.0039         0.4479       -10.7643         0.4498         0.8425         1.5196         0.7492         0.2096       -10.0476         0.5919         0.0058          0.305
19 )                         omega      phi_s_Hip      phi_e_Hip        Amp_Hip    phi_s_knee1    phi_e_knee1      Amp_knee1    phi_s_knee2    phi_e_knee2      Amp_knee2   phi_s_toeOff    dphi_toeOff     Amp_toeOff     phi_s_flex      dphi_flex       Amp_flex  phi_s_PushOff   dphi_PushOff    Amp_PushOff      x_fitness          U_fit    STS_fitness
             1)         1.7173         0.2279         0.2458       -15.6654         0.3073         0.0651        14.4594         0.0821         0.0453        18.6413         0.0028         0.4368       -10.8754           0.45         0.8401         1.5167          0.749         0.2302       -10.0425         1.8449         0.0157          0.305
             2)         1.7173         0.2279         0.2458       -15.6654         0.3073         0.0651        14.4594         0.0821         0.0453        18.6413         0.0028         0.4368       -10.8754           0.45         0.8401         1.5167          0.749         0.2302       -10.0425         1.8449         0.0157          0.305
             3)         1.7331         0.2154         0.2446       -14.4133         0.8741         0.0712        16.5903         0.7274         0.0576        13.4886         0.0032         0.4447       -10.7513         0.4423         0.8534         1.4823         0.7541         0.2202       -10.0223          0.934          0.009          0.305
            12)         1.7331         0.2154         0.2446       -14.4133         0.8741         0.0712        16.5903         0.7274         0.0576        13.4886         0.0032         0.4447       -10.7513         0.4423         0.8534         1.4823         0.7541         0.2202       -10.0223          0.934          0.009          0.305
