0 )                         omega      phi_s_Hip      phi_e_Hip        Amp_Hip    phi_s_knee1    phi_e_knee1      Amp_knee1    phi_s_knee2    phi_e_knee2      Amp_knee2   phi_s_toeOff    dphi_toeOff     Amp_toeOff     phi_s_flex      dphi_flex       Amp_flex      x_fitness          U_fit    STS_fitness
             1)          0.093         0.1247         0.3308         33.661         0.3832         0.0275        12.4997         0.2569         0.0677         4.4666         0.0997         0.2873        25.1351         0.1563         0.1828        14.2445         0.0799         0.0005          0.305
             2)          0.093         0.1247         0.3308         33.661         0.3832         0.0275        12.4997         0.2569         0.0677         4.4666         0.0997         0.2873        25.1351         0.1563         0.1828        14.2445         0.0799         0.0005          0.305
             3)         0.2501         0.0462         0.1177         21.924         0.5333         0.0323        18.1699         0.4903         0.0334         10.899         0.0743         0.2264        27.8164         0.1546         0.3883         7.7155            0.0            0.0          0.305
1 )                         omega      phi_s_Hip      phi_e_Hip        Amp_Hip    phi_s_knee1    phi_e_knee1      Amp_knee1    phi_s_knee2    phi_e_knee2      Amp_knee2   phi_s_toeOff    dphi_toeOff     Amp_toeOff     phi_s_flex      dphi_flex       Amp_flex      x_fitness          U_fit    STS_fitness
             1)         0.0913         0.1252          0.322        37.3188          0.742         0.0765        12.0266         0.1951         0.0667         3.9074         0.0775         0.2749        10.9479         0.1588         0.1675         17.491         0.2052         0.0004          0.305
             2)         0.0913         0.1252          0.322        37.3188          0.742         0.0765        12.0266         0.1951         0.0667         3.9074         0.0775         0.2749        10.9479         0.1588         0.1675         17.491         0.2052         0.0004          0.305
             3)         0.1149         0.1256         0.3312        32.6118         0.4173         0.0282        12.6954         0.2754         0.0691         4.3267            0.1            0.3         26.173         0.1418         0.1809        14.8078         0.0329         0.0001          0.305
2 )                         omega      phi_s_Hip      phi_e_Hip        Amp_Hip    phi_s_knee1    phi_e_knee1      Amp_knee1    phi_s_knee2    phi_e_knee2      Amp_knee2   phi_s_toeOff    dphi_toeOff     Amp_toeOff     phi_s_flex      dphi_flex       Amp_flex      x_fitness          U_fit    STS_fitness
             1)         0.1036         0.1144         0.3465        32.3106         0.3965         0.0313        13.8887         0.2745         0.0674         3.4571            0.1         0.2982        24.0073         0.1451         0.1883         14.787         0.1679         0.0003          0.305
             2)         0.1036         0.1144         0.3465        32.3106         0.3965         0.0313        13.8887         0.2745         0.0674         3.4571            0.1         0.2982        24.0073         0.1451         0.1883         14.787         0.1679         0.0003          0.305
             3)         0.0838         0.1292         0.3243        38.3147         0.7585         0.0734        12.3582         0.2092         0.0662         3.9463         0.0767         0.2725         11.132         0.1739         0.1705        17.6451         0.1083         0.0002          0.305
             7)         0.0838         0.1292         0.3243        38.3147         0.7585         0.0734        12.3582         0.2092         0.0662         3.9463         0.0767         0.2725         11.132         0.1739         0.1705        17.6451         0.1083         0.0002          0.305
3 )                         omega      phi_s_Hip      phi_e_Hip        Amp_Hip    phi_s_knee1    phi_e_knee1      Amp_knee1    phi_s_knee2    phi_e_knee2      Amp_knee2   phi_s_toeOff    dphi_toeOff     Amp_toeOff     phi_s_flex      dphi_flex       Amp_flex      x_fitness          U_fit    STS_fitness
             1)         0.1044         0.1431         0.3494           40.0         0.4159         0.0765        13.0715         0.2981         0.0477         1.5018            0.1         0.2979        26.2904         0.1671         0.1848        15.9379         0.1909         0.0002          0.305
             2)          0.098         0.1327         0.3429        37.1554         0.6504         0.0799        11.9261         0.0897         0.0669         4.6416         0.0742          0.115        10.3457         0.1511            0.1        14.9758         0.1855         0.0003          0.305
             3)          0.112         0.1154           0.33        30.4227         0.4199         0.0314        14.0817         0.3019         0.0664         2.8091            0.1            0.3        20.8119         0.1547         0.1958        14.5798        -0.2754            0.0          0.305
