0 )                         omega      phi_s_Hip      phi_e_Hip        Amp_Hip    phi_s_knee1    phi_e_knee1      Amp_knee1    phi_s_knee2    phi_e_knee2      Amp_knee2   phi_s_toeOff    dphi_toeOff     Amp_toeOff     phi_s_flex      dphi_flex       Amp_flex  phi_s_PushOff   dphi_PushOff    Amp_PushOff      x_fitness          U_fit    STS_fitness
             1)         1.7435         0.2047         0.2468        -15.303         0.0576           0.07         9.2091         0.6094         0.0641        14.6753         0.0032         0.4464         -10.86         0.4351          0.851         1.5119         0.7509         0.2301       -10.0867         2.4293         0.0215           0.47
             2)         1.7435         0.2047         0.2468        -15.303         0.0576           0.07         9.2091         0.6094         0.0641        14.6753         0.0032         0.4464         -10.86         0.4351          0.851         1.5119         0.7509         0.2301       -10.0867         2.4293         0.0215           0.47
             3)         1.7435         0.2047         0.2468        -15.303         0.0576           0.07         9.2091         0.6094         0.0641        14.6753         0.0032         0.4464         -10.86         0.4351          0.851         1.5119         0.7509         0.2301       -10.0867         2.4293         0.0215           0.47
1 )                         omega      phi_s_Hip      phi_e_Hip        Amp_Hip    phi_s_knee1    phi_e_knee1      Amp_knee1    phi_s_knee2    phi_e_knee2      Amp_knee2   phi_s_toeOff    dphi_toeOff     Amp_toeOff     phi_s_flex      dphi_flex       Amp_flex  phi_s_PushOff   dphi_PushOff    Amp_PushOff      x_fitness          U_fit    STS_fitness
             1)         1.7473           0.21         0.2365       -15.3832         0.8621         0.0616        12.5935         0.7429         0.0668        19.7967         0.0036         0.4489       -10.8742         0.4449         0.8694         1.5137         0.7608         0.2262       -10.0218         1.9652         0.0177          0.315
             2)         1.7473           0.21         0.2365       -15.3832         0.8621         0.0616        12.5935         0.7429         0.0668        19.7967         0.0036         0.4489       -10.8742         0.4449         0.8694         1.5137         0.7608         0.2262       -10.0218         1.9652         0.0177          0.315
             3)         1.7375         0.2161         0.2368       -15.2152         0.8034         0.0586        11.4214         0.4884         0.0354        19.3954         0.0037         0.4441       -10.8771         0.4438         0.8578         1.5126         0.7654         0.2337        -10.065          1.262         0.0115           0.41
             5)         1.7375         0.2161         0.2368       -15.2152         0.8034         0.0586        11.4214         0.4884         0.0354        19.3954         0.0037         0.4441       -10.8771         0.4438         0.8578         1.5126         0.7654         0.2337        -10.065          1.262         0.0115           0.41
2 )                         omega      phi_s_Hip      phi_e_Hip        Amp_Hip    phi_s_knee1    phi_e_knee1      Amp_knee1    phi_s_knee2    phi_e_knee2      Amp_knee2   phi_s_toeOff    dphi_toeOff     Amp_toeOff     phi_s_flex      dphi_flex       Amp_flex  phi_s_PushOff   dphi_PushOff    Amp_PushOff      x_fitness          U_fit    STS_fitness
             1)         1.7751          0.211         0.2583       -15.9722         0.8918         0.0604        14.0331         0.5233         0.0267          9.959         0.0034         0.4481       -10.8633         0.4339         0.8537         1.5151         0.7541          0.228        -10.085         1.7732         0.0157           0.47
             2)         1.7751          0.211         0.2583       -15.9722         0.8918         0.0604        14.0331         0.5233         0.0267          9.959         0.0034         0.4481       -10.8633         0.4339         0.8537         1.5151         0.7541          0.228        -10.085         1.7732         0.0157           0.47
             3)         1.7751          0.211         0.2583       -15.9722         0.8918         0.0604        14.0331         0.5233         0.0267          9.959         0.0034         0.4481       -10.8633         0.4339         0.8537         1.5151         0.7541          0.228        -10.085         1.7732         0.0157           0.47
3 )                         omega      phi_s_Hip      phi_e_Hip        Amp_Hip    phi_s_knee1    phi_e_knee1      Amp_knee1    phi_s_knee2    phi_e_knee2      Amp_knee2   phi_s_toeOff    dphi_toeOff     Amp_toeOff     phi_s_flex      dphi_flex       Amp_flex  phi_s_PushOff   dphi_PushOff    Amp_PushOff      x_fitness          U_fit    STS_fitness
             1)         1.7169         0.2085         0.2414       -15.6358         0.7239         0.0621         9.5266          0.736         0.0214        19.1501         0.0031           0.45       -10.8873         0.4351          0.857         1.5134          0.749         0.2232          -10.1         1.8059         0.0158            0.3
             2)         1.7169         0.2085         0.2414       -15.6358         0.7239         0.0621         9.5266          0.736         0.0214        19.1501         0.0031           0.45       -10.8873         0.4351          0.857         1.5134          0.749         0.2232          -10.1         1.8059         0.0158            0.3
             3)         1.6914         0.2058         0.2357        -15.594         0.8622         0.0716        11.9917         0.6649         0.0222        15.4259         0.0029          0.444       -10.8832         0.4434         0.8531         1.5168         0.7538         0.2329       -10.0709         1.7432         0.0155           0.38
4 )                         omega      phi_s_Hip      phi_e_Hip        Amp_Hip    phi_s_knee1    phi_e_knee1      Amp_knee1    phi_s_knee2    phi_e_knee2      Amp_knee2   phi_s_toeOff    dphi_toeOff     Amp_toeOff     phi_s_flex      dphi_flex       Amp_flex  phi_s_PushOff   dphi_PushOff    Amp_PushOff      x_fitness          U_fit    STS_fitness
             1)         1.7197         0.2223         0.2395       -15.5755         0.7743         0.0544         7.6642         0.6876         0.0325        14.6248         0.0034           0.45       -10.8708         0.4443         0.8569         1.5167         0.7503         0.2313       -10.0446         2.0452         0.0181          0.305
             2)         1.7197         0.2223         0.2395       -15.5755         0.7743         0.0544         7.6642         0.6876         0.0325        14.6248         0.0034           0.45       -10.8708         0.4443         0.8569         1.5167         0.7503         0.2313       -10.0446         2.0452         0.0181          0.305
             3)         1.7247         0.2229         0.2388          -16.0         0.5396         0.0543        11.9436         0.7015         0.0551           20.0          0.004         0.4444       -10.8794         0.4425         0.8609         1.5171         0.7557         0.2284       -10.0013         1.8147         0.0156           0.43
5 )                         omega      phi_s_Hip      phi_e_Hip        Amp_Hip    phi_s_knee1    phi_e_knee1      Amp_knee1    phi_s_knee2    phi_e_knee2      Amp_knee2   phi_s_toeOff    dphi_toeOff     Amp_toeOff     phi_s_flex      dphi_flex       Amp_flex  phi_s_PushOff   dphi_PushOff    Amp_PushOff      x_fitness          U_fit    STS_fitness
             1)         1.6848         0.2055         0.2417       -15.4947          0.854          0.066         6.1857         0.8721         0.0258          18.44         0.0029          0.439       -10.8762         0.4455         0.8574         1.5165         0.7548         0.2357       -10.0788         2.1704         0.0193           0.33
             2)         1.6848         0.2055         0.2417       -15.4947          0.854          0.066         6.1857         0.8721         0.0258          18.44         0.0029          0.439       -10.8762         0.4455         0.8574         1.5165         0.7548         0.2357       -10.0788         2.1704         0.0193           0.33
             3)         1.7595         0.2095          0.247       -15.9127            0.9         0.0577        11.8551         0.6504         0.0313        17.4132         0.0028          0.449       -10.8614         0.4442         0.8516         1.5168         0.7627         0.2224       -10.0486         1.9125         0.0165           0.38
6 )                         omega      phi_s_Hip      phi_e_Hip        Amp_Hip    phi_s_knee1    phi_e_knee1      Amp_knee1    phi_s_knee2    phi_e_knee2      Amp_knee2   phi_s_toeOff    dphi_toeOff     Amp_toeOff     phi_s_flex      dphi_flex       Amp_flex  phi_s_PushOff   dphi_PushOff    Amp_PushOff      x_fitness          U_fit    STS_fitness
             1)         1.7182         0.2145         0.2525        -15.807         0.8719         0.0558        10.7239         0.7117         0.0217        17.7187          0.003         0.4481       -10.8602           0.44         0.8587         1.5119         0.7463         0.2288       -10.0658         2.4975         0.0211          0.385
             2)         1.7182         0.2145         0.2525        -15.807         0.8719         0.0558        10.7239         0.7117         0.0217        17.7187          0.003         0.4481       -10.8602           0.44         0.8587         1.5119         0.7463         0.2288       -10.0658         2.4975         0.0211          0.385
             3)         1.7182         0.2145         0.2525        -15.807         0.8719         0.0558        10.7239         0.7117         0.0217        17.7187          0.003         0.4481       -10.8602           0.44         0.8587         1.5119         0.7463         0.2288       -10.0658         2.4975         0.0211          0.385
7 )                         omega      phi_s_Hip      phi_e_Hip        Amp_Hip    phi_s_knee1    phi_e_knee1      Amp_knee1    phi_s_knee2    phi_e_knee2      Amp_knee2   phi_s_toeOff    dphi_toeOff     Amp_toeOff     phi_s_flex      dphi_flex       Amp_flex  phi_s_PushOff   dphi_PushOff    Amp_PushOff      x_fitness          U_fit    STS_fitness
             1)         1.7474         0.2131          0.258       -15.7097         0.7333         0.0734          5.417         0.5281         0.0216        16.3059         0.0032           0.45       -10.8841         0.4356         0.8601         1.5109         0.7615         0.2303       -10.0464         2.0538         0.0182           0.32
             2)         1.7474         0.2131          0.258       -15.7097         0.7333         0.0734          5.417         0.5281         0.0216        16.3059         0.0032           0.45       -10.8841         0.4356         0.8601         1.5109         0.7615         0.2303       -10.0464         2.0538         0.0182           0.32
             3)         1.7492         0.2138         0.2557       -15.8787         0.4938         0.0624        13.1184         0.8706         0.0297        17.9619          0.004           0.45       -10.8579         0.4424         0.8532         1.5173         0.7516         0.2247       -10.0584         1.6417         0.0142           0.37
8 )                         omega      phi_s_Hip      phi_e_Hip        Amp_Hip    phi_s_knee1    phi_e_knee1      Amp_knee1    phi_s_knee2    phi_e_knee2      Amp_knee2   phi_s_toeOff    dphi_toeOff     Amp_toeOff     phi_s_flex      dphi_flex       Amp_flex  phi_s_PushOff   dphi_PushOff    Amp_PushOff      x_fitness          U_fit    STS_fitness
             1)         1.7646         0.2004         0.2419       -15.9024         0.7164         0.0544         9.3243         0.6017         0.0236         18.953         0.0026         0.4494       -10.8772         0.4443         0.8566           1.52         0.7525         0.2291       -10.0428         2.0774         0.0182          0.325
             2)         1.7646         0.2004         0.2419       -15.9024         0.7164         0.0544         9.3243         0.6017         0.0236         18.953         0.0026         0.4494       -10.8772         0.4443         0.8566           1.52         0.7525         0.2291       -10.0428         2.0774         0.0182          0.325
             3)         1.7277         0.2097          0.254       -15.8079         0.6765         0.0665        10.5068          0.685         0.0324        17.0074         0.0035         0.4404        -10.867         0.4369         0.8602         1.5197          0.753         0.2285       -10.0762         1.8245         0.0155           0.45
9 )                         omega      phi_s_Hip      phi_e_Hip        Amp_Hip    phi_s_knee1    phi_e_knee1      Amp_knee1    phi_s_knee2    phi_e_knee2      Amp_knee2   phi_s_toeOff    dphi_toeOff     Amp_toeOff     phi_s_flex      dphi_flex       Amp_flex  phi_s_PushOff   dphi_PushOff    Amp_PushOff      x_fitness          U_fit    STS_fitness
             1)          1.715         0.2202         0.2488       -15.6642         0.6326         0.0864         7.4738         0.5185         0.0251        16.6392         0.0036          0.449       -10.8692         0.4339         0.8521         1.5166         0.7468         0.2253       -10.0961         2.4687         0.0205          0.405
             2)          1.715         0.2202         0.2488       -15.6642         0.6326         0.0864         7.4738         0.5185         0.0251        16.6392         0.0036          0.449       -10.8692         0.4339         0.8521         1.5166         0.7468         0.2253       -10.0961         2.4687         0.0205          0.405
             3)         1.7117         0.2078          0.241       -15.9476         0.7635         0.0524        10.7037          0.608         0.0229        13.8334         0.0026         0.4499        -10.876         0.4362         0.8539           1.52         0.7507         0.2259       -10.0372         1.6523         0.0146           0.41
10 )                         omega      phi_s_Hip      phi_e_Hip        Amp_Hip    phi_s_knee1    phi_e_knee1      Amp_knee1    phi_s_knee2    phi_e_knee2      Amp_knee2   phi_s_toeOff    dphi_toeOff     Amp_toeOff     phi_s_flex      dphi_flex       Amp_flex  phi_s_PushOff   dphi_PushOff    Amp_PushOff      x_fitness          U_fit    STS_fitness
             1)         1.7162         0.2173         0.2426       -15.7212         0.8792         0.0888         6.6137         0.5411         0.0274        17.7353         0.0035          0.449       -10.8763           0.45         0.8473         1.5169         0.7601         0.2262       -10.0996         1.9603          0.017           0.33
             2)         1.7162         0.2173         0.2426       -15.7212         0.8792         0.0888         6.6137         0.5411         0.0274        17.7353         0.0035          0.449       -10.8763           0.45         0.8473         1.5169         0.7601         0.2262       -10.0996         1.9603          0.017           0.33
             3)         1.6816         0.2152         0.2416       -15.5014         0.6855         0.0619        13.5693         0.5621         0.0214        11.6623         0.0028         0.4496       -10.8689         0.4455         0.8587           1.52         0.7467         0.2237       -10.0809         1.6176          0.014            0.5
11 )                         omega      phi_s_Hip      phi_e_Hip        Amp_Hip    phi_s_knee1    phi_e_knee1      Amp_knee1    phi_s_knee2    phi_e_knee2      Amp_knee2   phi_s_toeOff    dphi_toeOff     Amp_toeOff     phi_s_flex      dphi_flex       Amp_flex  phi_s_PushOff   dphi_PushOff    Amp_PushOff      x_fitness          U_fit    STS_fitness
             1)         1.6991         0.2217         0.2502       -15.6448         0.8384         0.0563         2.5545         0.4251         0.0271         19.673         0.0034           0.45       -10.8841          0.439         0.8567         1.5077         0.7487         0.2333       -10.0292         2.4803         0.0217           0.38
             2)         1.6991         0.2217         0.2502       -15.6448         0.8384         0.0563         2.5545         0.4251         0.0271         19.673         0.0034           0.45       -10.8841          0.439         0.8567         1.5077         0.7487         0.2333       -10.0292         2.4803         0.0217           0.38
             3)         1.6926         0.2204         0.2399       -15.7854         0.6822         0.0652         7.5727         0.8643         0.0335        18.2916         0.0039         0.4497       -10.8697         0.4329          0.862         1.5102         0.7546         0.2313       -10.0705         1.9101         0.0163          0.435
12 )                         omega      phi_s_Hip      phi_e_Hip        Amp_Hip    phi_s_knee1    phi_e_knee1      Amp_knee1    phi_s_knee2    phi_e_knee2      Amp_knee2   phi_s_toeOff    dphi_toeOff     Amp_toeOff     phi_s_flex      dphi_flex       Amp_flex  phi_s_PushOff   dphi_PushOff    Amp_PushOff      x_fitness          U_fit    STS_fitness
             1)         1.7032         0.2078         0.2543       -15.5334            0.9         0.0583        10.2186         0.8453         0.0283        13.7707         0.0027         0.4495       -10.8729         0.4481         0.8558         1.5073         0.7596         0.2268       -10.0588         2.3406         0.0206          0.415
             2)         1.7032         0.2078         0.2543       -15.5334            0.9         0.0583        10.2186         0.8453         0.0283        13.7707         0.0027         0.4495       -10.8729         0.4481         0.8558         1.5073         0.7596         0.2268       -10.0588         2.3406         0.0206          0.415
             3)         1.7032         0.2078         0.2543       -15.5334            0.9         0.0583        10.2186         0.8453         0.0283        13.7707         0.0027         0.4495       -10.8729         0.4481         0.8558         1.5073         0.7596         0.2268       -10.0588         2.3406         0.0206          0.415
13 )                         omega      phi_s_Hip      phi_e_Hip        Amp_Hip    phi_s_knee1    phi_e_knee1      Amp_knee1    phi_s_knee2    phi_e_knee2      Amp_knee2   phi_s_toeOff    dphi_toeOff     Amp_toeOff     phi_s_flex      dphi_flex       Amp_flex  phi_s_PushOff   dphi_PushOff    Amp_PushOff      x_fitness          U_fit    STS_fitness
             1)         1.7532         0.2056         0.2396       -15.5324            0.9         0.0611         9.6775         0.8036         0.0262        14.1218         0.0032         0.4485       -10.8763           0.45         0.8569         1.5147         0.7612         0.2286       -10.0552         2.1686         0.0192            0.5
             2)         1.7532         0.2056         0.2396       -15.5324            0.9         0.0611         9.6775         0.8036         0.0262        14.1218         0.0032         0.4485       -10.8763           0.45         0.8569         1.5147         0.7612         0.2286       -10.0552         2.1686         0.0192            0.5
             3)         1.7532         0.2056         0.2396       -15.5324            0.9         0.0611         9.6775         0.8036         0.0262        14.1218         0.0032         0.4485       -10.8763           0.45         0.8569         1.5147         0.7612         0.2286       -10.0552         2.1686         0.0192            0.5
14 )                         omega      phi_s_Hip      phi_e_Hip        Amp_Hip    phi_s_knee1    phi_e_knee1      Amp_knee1    phi_s_knee2    phi_e_knee2      Amp_knee2   phi_s_toeOff    dphi_toeOff     Amp_toeOff     phi_s_flex      dphi_flex       Amp_flex  phi_s_PushOff   dphi_PushOff    Amp_PushOff      x_fitness          U_fit    STS_fitness
             1)          1.717         0.2031         0.2485       -15.8633            0.9         0.0892         6.3648         0.8141         0.0512         17.391         0.0028           0.45       -10.8755         0.4456         0.8573          1.509         0.7583         0.2144       -10.0749         2.3723         0.0205          0.375
             2)          1.717         0.2031         0.2485       -15.8633            0.9         0.0892         6.3648         0.8141         0.0512         17.391         0.0028           0.45       -10.8755         0.4456         0.8573          1.509         0.7583         0.2144       -10.0749         2.3723         0.0205          0.375
             3)         1.7054         0.2088         0.2506       -15.8288          0.812         0.0735         8.7294         0.4604         0.0307           20.0         0.0034         0.4476       -10.8649         0.4364         0.8538         1.5108         0.7455         0.2355       -10.0566         1.2193         0.0105           0.45
15 )                         omega      phi_s_Hip      phi_e_Hip        Amp_Hip    phi_s_knee1    phi_e_knee1      Amp_knee1    phi_s_knee2    phi_e_knee2      Amp_knee2   phi_s_toeOff    dphi_toeOff     Amp_toeOff     phi_s_flex      dphi_flex       Amp_flex  phi_s_PushOff   dphi_PushOff    Amp_PushOff      x_fitness          U_fit    STS_fitness
             1)         1.7556         0.2182         0.2437        -15.476         0.7621         0.0644          9.281         0.6117         0.0264        12.6589         0.0032           0.45       -10.8722         0.4369         0.8483         1.5186         0.7548         0.2269       -10.0636         1.9571          0.017           0.32
             2)         1.7148         0.2172         0.2514       -15.2256         0.7564         0.0737         2.2336         0.6254         0.0394        18.4992         0.0037         0.4489       -10.8714          0.448         0.8683         1.5157         0.7578         0.2302       -10.0746         1.9466         0.0172          0.315
             3)         1.7019         0.2198         0.2543       -15.7197         0.6623         0.0776          9.981         0.6097         0.0363        19.6066         0.0038           0.45       -10.8672         0.4331         0.8553         1.5186         0.7582         0.2333       -10.0941         1.7407         0.0153          0.415
16 )                         omega      phi_s_Hip      phi_e_Hip        Amp_Hip    phi_s_knee1    phi_e_knee1      Amp_knee1    phi_s_knee2    phi_e_knee2      Amp_knee2   phi_s_toeOff    dphi_toeOff     Amp_toeOff     phi_s_flex      dphi_flex       Amp_flex  phi_s_PushOff   dphi_PushOff    Amp_PushOff      x_fitness          U_fit    STS_fitness
             1)         1.7203         0.2179          0.245        -15.613         0.7598         0.0842         6.4385         0.4919         0.0235        17.6796          0.004         0.4484       -10.8843         0.4375         0.8553         1.5185         0.7625         0.2311       -10.0488         2.1536         0.0188           0.43
             2)         1.7203         0.2179          0.245        -15.613         0.7598         0.0842         6.4385         0.4919         0.0235        17.6796          0.004         0.4484       -10.8843         0.4375         0.8553         1.5185         0.7625         0.2311       -10.0488         2.1536         0.0188           0.43
             3)         1.7203         0.2179          0.245        -15.613         0.7598         0.0842         6.4385         0.4919         0.0235        17.6796          0.004         0.4484       -10.8843         0.4375         0.8553         1.5185         0.7625         0.2311       -10.0488         2.1536         0.0188           0.43
17 )                         omega      phi_s_Hip      phi_e_Hip        Amp_Hip    phi_s_knee1    phi_e_knee1      Amp_knee1    phi_s_knee2    phi_e_knee2      Amp_knee2   phi_s_toeOff    dphi_toeOff     Amp_toeOff     phi_s_flex      dphi_flex       Amp_flex  phi_s_PushOff   dphi_PushOff    Amp_PushOff      x_fitness          U_fit    STS_fitness
             1)         1.7419         0.2244         0.2389       -15.6525         0.7433          0.056        10.7266         0.5168         0.0362        15.9916         0.0035         0.4468       -10.8663         0.4334         0.8568         1.5132         0.7548         0.2295       -10.0963         2.5145         0.0219          0.385
             2)         1.7419         0.2244         0.2389       -15.6525         0.7433          0.056        10.7266         0.5168         0.0362        15.9916         0.0035         0.4468       -10.8663         0.4334         0.8568         1.5132         0.7548         0.2295       -10.0963         2.5145         0.0219          0.385
             3)         1.7419         0.2244         0.2389       -15.6525         0.7433          0.056        10.7266         0.5168         0.0362        15.9916         0.0035         0.4468       -10.8663         0.4334         0.8568         1.5132         0.7548         0.2295       -10.0963         2.5145         0.0219          0.385
18 )                         omega      phi_s_Hip      phi_e_Hip        Amp_Hip    phi_s_knee1    phi_e_knee1      Amp_knee1    phi_s_knee2    phi_e_knee2      Amp_knee2   phi_s_toeOff    dphi_toeOff     Amp_toeOff     phi_s_flex      dphi_flex       Amp_flex  phi_s_PushOff   dphi_PushOff    Amp_PushOff      x_fitness          U_fit    STS_fitness
             1)         1.7352         0.2137         0.2365       -15.5901            0.9          0.063         5.4886         0.6182         0.0296        17.8618         0.0038         0.4496        -10.873         0.4379         0.8526         1.5093         0.7533         0.2319       -10.0929         1.9057         0.0167          0.305
             2)         1.7352         0.2137         0.2365       -15.5901            0.9          0.063         5.4886         0.6182         0.0296        17.8618         0.0038         0.4496        -10.873         0.4379         0.8526         1.5093         0.7533         0.2319       -10.0929         1.9057         0.0167          0.305
             3)           1.73         0.2015         0.2552       -15.4871         0.8966         0.0582        12.0128         0.4853         0.0214         17.291         0.0032         0.4431       -10.8751         0.4336         0.8523         1.5159         0.7474         0.2328       -10.0871         1.7439         0.0149            0.5
19 )                         omega      phi_s_Hip      phi_e_Hip        Amp_Hip    phi_s_knee1    phi_e_knee1      Amp_knee1    phi_s_knee2    phi_e_knee2      Amp_knee2   phi_s_toeOff    dphi_toeOff     Amp_toeOff     phi_s_flex      dphi_flex       Amp_flex  phi_s_PushOff   dphi_PushOff    Amp_PushOff      x_fitness          U_fit    STS_fitness
             1)         1.7638         0.2259         0.2468        -15.651         0.8305         0.0635         8.2668         0.7388         0.0255         17.547         0.0037         0.4494       -10.8868          0.434          0.852         1.5176         0.7512         0.2357       -10.0841         2.2546           0.02          0.425
             2)         1.7638         0.2259         0.2468        -15.651         0.8305         0.0635         8.2668         0.7388         0.0255         17.547         0.0037         0.4494       -10.8868          0.434          0.852         1.5176         0.7512         0.2357       -10.0841         2.2546           0.02          0.425
             3)         1.7638         0.2259         0.2468        -15.651         0.8305         0.0635         8.2668         0.7388         0.0255         17.547         0.0037         0.4494       -10.8868          0.434          0.852         1.5176         0.7512         0.2357       -10.0841         2.2546           0.02          0.425
