0 )                         omega      phi_s_Hip      phi_e_Hip        Amp_Hip    phi_s_knee1    phi_e_knee1      Amp_knee1    phi_s_knee2    phi_e_knee2      Amp_knee2   phi_s_toeOff    dphi_toeOff     Amp_toeOff     phi_s_flex      dphi_flex       Amp_flex  phi_s_PushOff   dphi_PushOff    Amp_PushOff      x_fitness          U_fit    STS_fitness
             1)         1.7521         0.2073         0.2513       -15.8126         0.5245         0.0695            0.0         0.4438         0.0423           20.0         0.0027         0.4474       -10.8661           0.41         0.8528         1.5191         0.7476         0.2201        -9.9271         1.8679          0.016           0.29
             2)         1.7521         0.2073         0.2513       -15.8126         0.5245         0.0695            0.0         0.4438         0.0423           20.0         0.0027         0.4474       -10.8661           0.41         0.8528         1.5191         0.7476         0.2201        -9.9271         1.8679          0.016           0.29
             3)         1.7481         0.2015         0.2501       -15.5175         0.3151         0.0734         2.0372         0.0593         0.0339        18.2665         0.0037         0.4445       -10.8515         0.4389         0.8465         1.4818         0.7709         0.2303       -10.0261         1.6708         0.0145          0.305
             4)         1.7481         0.2015         0.2501       -15.5175         0.3151         0.0734         2.0372         0.0593         0.0339        18.2665         0.0037         0.4445       -10.8515         0.4389         0.8465         1.4818         0.7709         0.2303       -10.0261         1.6708         0.0145          0.305
1 )                         omega      phi_s_Hip      phi_e_Hip        Amp_Hip    phi_s_knee1    phi_e_knee1      Amp_knee1    phi_s_knee2    phi_e_knee2      Amp_knee2   phi_s_toeOff    dphi_toeOff     Amp_toeOff     phi_s_flex      dphi_flex       Amp_flex  phi_s_PushOff   dphi_PushOff    Amp_PushOff      x_fitness          U_fit    STS_fitness
             1)         1.7416         0.2108         0.2443       -15.9312         0.2949         0.0734         15.958         0.1166         0.0449        17.5626         0.0035         0.4397       -10.8674         0.4431         0.8509         1.5169         0.7499         0.2348       -10.0483         1.7742         0.0153          0.305
             2)         1.7339         0.2198         0.2534       -15.5851         0.6765         0.0629        18.9664         0.0297         0.0532         8.7382         0.0035         0.4437       -10.8689         0.4379         0.8389           1.52         0.7578         0.2296        -9.9632         1.7587         0.0172           0.29
             3)         1.6938         0.2213         0.2492       -15.8551          0.657         0.0791        18.5531         0.3533           0.04        18.8156         0.0037         0.4475       -10.8696         0.4409         0.8447         1.5175          0.755         0.2287        -9.9931         1.1517           0.01          0.305
            15)         1.6938         0.2213         0.2492       -15.8551          0.657         0.0791        18.5531         0.3533           0.04        18.8156         0.0037         0.4475       -10.8696         0.4409         0.8447         1.5175          0.755         0.2287        -9.9931         1.1517           0.01          0.305
2 )                         omega      phi_s_Hip      phi_e_Hip        Amp_Hip    phi_s_knee1    phi_e_knee1      Amp_knee1    phi_s_knee2    phi_e_knee2      Amp_knee2   phi_s_toeOff    dphi_toeOff     Amp_toeOff     phi_s_flex      dphi_flex       Amp_flex  phi_s_PushOff   dphi_PushOff    Amp_PushOff      x_fitness          U_fit    STS_fitness
             1)         1.7535         0.2007         0.2357       -15.7028         0.5236         0.0668         3.4123         0.4007         0.0453        19.6309         0.0039         0.4471       -10.8749         0.4074         0.8387         1.5188         0.7464         0.2195       -10.0153         1.8298         0.0162          0.305
             2)         1.7535         0.2007         0.2357       -15.7028         0.5236         0.0668         3.4123         0.4007         0.0453        19.6309         0.0039         0.4471       -10.8749         0.4074         0.8387         1.5188         0.7464         0.2195       -10.0153         1.8298         0.0162          0.305
             3)         1.7113         0.2205         0.2513       -15.6546         0.6545         0.0602        19.2987         0.0267         0.0528         8.6892         0.0034         0.4432       -10.8617         0.4397         0.8395         1.5168         0.7603         0.2283        -9.9594         0.8722         0.0078          0.305
            13)         1.7113         0.2205         0.2513       -15.6546         0.6545         0.0602        19.2987         0.0267         0.0528         8.6892         0.0034         0.4432       -10.8617         0.4397         0.8395         1.5168         0.7603         0.2283        -9.9594         0.8722         0.0078          0.305
3 )                         omega      phi_s_Hip      phi_e_Hip        Amp_Hip    phi_s_knee1    phi_e_knee1      Amp_knee1    phi_s_knee2    phi_e_knee2      Amp_knee2   phi_s_toeOff    dphi_toeOff     Amp_toeOff     phi_s_flex      dphi_flex       Amp_flex  phi_s_PushOff   dphi_PushOff    Amp_PushOff      x_fitness          U_fit    STS_fitness
             1)         1.6855         0.2123           0.24       -15.8706         0.4579         0.0647         0.7301         0.3568         0.0524        17.7435         0.0035         0.4482       -10.8718         0.4117         0.8419         1.4834         0.7484          0.219        -9.9979         1.8182         0.0155          0.305
             2)          1.708         0.2091         0.2497       -15.8241         0.3705         0.0579            0.0         0.6999         0.0547        18.8398         0.0028         0.4474       -10.8758         0.4421         0.8474         1.4837         0.7519         0.2321         -9.972         1.7985         0.0159          0.305
             3)         1.6855         0.2123           0.24       -15.8706         0.4579         0.0647         0.7301         0.3568         0.0524        17.7435         0.0035         0.4482       -10.8718         0.4117         0.8419         1.4834         0.7484          0.219        -9.9979         1.8182         0.0155          0.305
4 )                         omega      phi_s_Hip      phi_e_Hip        Amp_Hip    phi_s_knee1    phi_e_knee1      Amp_knee1    phi_s_knee2    phi_e_knee2      Amp_knee2   phi_s_toeOff    dphi_toeOff     Amp_toeOff     phi_s_flex      dphi_flex       Amp_flex  phi_s_PushOff   dphi_PushOff    Amp_PushOff      x_fitness          U_fit    STS_fitness
             1)          1.689         0.2182          0.246       -15.8194         0.6207         0.0798        18.1963         0.3508         0.0395        17.9754         0.0036         0.4471       -10.8827         0.4399         0.8433          1.516         0.7533         0.2253         -9.986         1.8035         0.0154          0.305
             2)          1.689         0.2182          0.246       -15.8194         0.6207         0.0798        18.1963         0.3508         0.0395        17.9754         0.0036         0.4471       -10.8827         0.4399         0.8433          1.516         0.7533         0.2253         -9.986         1.8035         0.0154          0.305
             3)          1.689         0.2182          0.246       -15.8194         0.6207         0.0798        18.1963         0.3508         0.0395        17.9754         0.0036         0.4471       -10.8827         0.4399         0.8433          1.516         0.7533         0.2253         -9.986         1.8035         0.0154          0.305
5 )                         omega      phi_s_Hip      phi_e_Hip        Amp_Hip    phi_s_knee1    phi_e_knee1      Amp_knee1    phi_s_knee2    phi_e_knee2      Amp_knee2   phi_s_toeOff    dphi_toeOff     Amp_toeOff     phi_s_flex      dphi_flex       Amp_flex  phi_s_PushOff   dphi_PushOff    Amp_PushOff      x_fitness          U_fit    STS_fitness
             1)         1.7141         0.2057         0.2419       -15.8863         0.5046         0.0606         0.3404         0.3376         0.0544        16.4106         0.0032         0.4455       -10.8791         0.4092         0.8577          1.514         0.7526         0.2298        -10.059         1.8921         0.0162          0.305
             2)         1.7141         0.2057         0.2419       -15.8863         0.5046         0.0606         0.3404         0.3376         0.0544        16.4106         0.0032         0.4455       -10.8791         0.4092         0.8577          1.514         0.7526         0.2298        -10.059         1.8921         0.0162          0.305
             3)         1.7219         0.2071         0.2408       -15.8595         0.2512         0.0512            0.0         0.3985         0.0517           20.0          0.004          0.448       -10.8633         0.4396         0.8413         1.4942         0.7527         0.2309       -10.0134         1.2949         0.0109          0.305
             6)         1.7219         0.2071         0.2408       -15.8595         0.2512         0.0512            0.0         0.3985         0.0517           20.0          0.004          0.448       -10.8633         0.4396         0.8413         1.4942         0.7527         0.2309       -10.0134         1.2949         0.0109          0.305
6 )                         omega      phi_s_Hip      phi_e_Hip        Amp_Hip    phi_s_knee1    phi_e_knee1      Amp_knee1    phi_s_knee2    phi_e_knee2      Amp_knee2   phi_s_toeOff    dphi_toeOff     Amp_toeOff     phi_s_flex      dphi_flex       Amp_flex  phi_s_PushOff   dphi_PushOff    Amp_PushOff      x_fitness          U_fit    STS_fitness
             1)         1.7685         0.2228         0.2403        -15.977         0.4521         0.0607            0.0         0.3627         0.0369        18.6737         0.0033         0.4468       -10.8851         0.4087         0.8608         1.5149         0.7528         0.2274       -10.0571         1.8571         0.0157          0.305
             2)         1.7685         0.2228         0.2403        -15.977         0.4521         0.0607            0.0         0.3627         0.0369        18.6737         0.0033         0.4468       -10.8851         0.4087         0.8608         1.5149         0.7528         0.2274       -10.0571         1.8571         0.0157          0.305
             3)         1.7159         0.2064         0.2395       -15.9482         0.4884         0.0583         0.2874         0.3762         0.0543        16.7948         0.0031         0.4455       -10.8759         0.4092         0.8594         1.5144         0.7538         0.2271       -10.0605         0.9681         0.0083          0.305
            10)         1.7159         0.2064         0.2395       -15.9482         0.4884         0.0583         0.2874         0.3762         0.0543        16.7948         0.0031         0.4455       -10.8759         0.4092         0.8594         1.5144         0.7538         0.2271       -10.0605         0.9681         0.0083          0.305
7 )                         omega      phi_s_Hip      phi_e_Hip        Amp_Hip    phi_s_knee1    phi_e_knee1      Amp_knee1    phi_s_knee2    phi_e_knee2      Amp_knee2   phi_s_toeOff    dphi_toeOff     Amp_toeOff     phi_s_flex      dphi_flex       Amp_flex  phi_s_PushOff   dphi_PushOff    Amp_PushOff      x_fitness          U_fit    STS_fitness
             1)         1.7391         0.2258         0.2543       -15.7622         0.6522         0.0761         0.0681          0.283         0.0371        15.4474         0.0025         0.4383       -10.8824         0.4071         0.8465          1.518         0.7564         0.2309       -10.0528         1.8515         0.0158          0.305
             2)         1.7391         0.2258         0.2543       -15.7622         0.6522         0.0761         0.0681          0.283         0.0371        15.4474         0.0025         0.4383       -10.8824         0.4071         0.8465          1.518         0.7564         0.2309       -10.0528         1.8515         0.0158          0.305
             3)         1.7391         0.2258         0.2543       -15.7622         0.6522         0.0761         0.0681          0.283         0.0371        15.4474         0.0025         0.4383       -10.8824         0.4071         0.8465          1.518         0.7564         0.2309       -10.0528         1.8515         0.0158          0.305
8 )                         omega      phi_s_Hip      phi_e_Hip        Amp_Hip    phi_s_knee1    phi_e_knee1      Amp_knee1    phi_s_knee2    phi_e_knee2      Amp_knee2   phi_s_toeOff    dphi_toeOff     Amp_toeOff     phi_s_flex      dphi_flex       Amp_flex  phi_s_PushOff   dphi_PushOff    Amp_PushOff      x_fitness          U_fit    STS_fitness
             1)         1.7457         0.2192         0.2474       -15.7208         0.5897         0.0545        11.1869         0.2428         0.0435        17.5018         0.0039         0.4466       -10.8749         0.4071         0.8606         1.5166         0.7472          0.226       -10.0341         1.7916         0.0155            0.3
             2)         1.7457         0.2192         0.2474       -15.7208         0.5897         0.0545        11.1869         0.2428         0.0435        17.5018         0.0039         0.4466       -10.8749         0.4071         0.8606         1.5166         0.7472          0.226       -10.0341         1.7916         0.0155            0.3
             3)         1.7279         0.2061         0.2421       -15.6664         0.6101          0.042            0.0         0.3463         0.0497        16.6076         0.0038         0.4379       -10.8633         0.4448         0.8415           1.52         0.7583          0.213       -10.0109         1.7812         0.0153          0.305
9 )                         omega      phi_s_Hip      phi_e_Hip        Amp_Hip    phi_s_knee1    phi_e_knee1      Amp_knee1    phi_s_knee2    phi_e_knee2      Amp_knee2   phi_s_toeOff    dphi_toeOff     Amp_toeOff     phi_s_flex      dphi_flex       Amp_flex  phi_s_PushOff   dphi_PushOff    Amp_PushOff      x_fitness          U_fit    STS_fitness
             1)          1.726         0.2085         0.2498          -16.0         0.3684          0.068         0.8478         0.2708         0.0598        19.5368         0.0033         0.4486       -10.8695         0.4414         0.8413         1.5169         0.7558         0.2357       -10.0561         2.0114         0.0173          0.305
             2)          1.726         0.2085         0.2498          -16.0         0.3684          0.068         0.8478         0.2708         0.0598        19.5368         0.0033         0.4486       -10.8695         0.4414         0.8413         1.5169         0.7558         0.2357       -10.0561         2.0114         0.0173          0.305
             3)          1.726         0.2085         0.2498          -16.0         0.3684          0.068         0.8478         0.2708         0.0598        19.5368         0.0033         0.4486       -10.8695         0.4414         0.8413         1.5169         0.7558         0.2357       -10.0561         2.0114         0.0173          0.305
