0 )                         omega      phi_s_Hip      phi_e_Hip        Amp_Hip    phi_s_knee1    phi_e_knee1      Amp_knee1    phi_s_knee2    phi_e_knee2      Amp_knee2   phi_s_toeOff    dphi_toeOff     Amp_toeOff     phi_s_flex      dphi_flex       Amp_flex  phi_s_PushOff   dphi_PushOff    Amp_PushOff      x_fitness          U_fit    STS_fitness
             1)         1.7638         0.2259         0.2468        -15.651         0.8305         0.0635         8.2668         0.7388         0.0255         17.547         0.0037         0.4494       -10.8868          0.434          0.852         1.5176         0.7512         0.2357       -10.0841         2.3389         0.0207          0.405
             2)         1.7638         0.2259         0.2468        -15.651         0.8305         0.0635         8.2668         0.7388         0.0255         17.547         0.0037         0.4494       -10.8868          0.434          0.852         1.5176         0.7512         0.2357       -10.0841         2.3389         0.0207          0.405
             3)         1.7638         0.2259         0.2468        -15.651         0.8305         0.0635         8.2668         0.7388         0.0255         17.547         0.0037         0.4494       -10.8868          0.434          0.852         1.5176         0.7512         0.2357       -10.0841         2.3389         0.0207          0.405
1 )                         omega      phi_s_Hip      phi_e_Hip        Amp_Hip    phi_s_knee1    phi_e_knee1      Amp_knee1    phi_s_knee2    phi_e_knee2      Amp_knee2   phi_s_toeOff    dphi_toeOff     Amp_toeOff     phi_s_flex      dphi_flex       Amp_flex  phi_s_PushOff   dphi_PushOff    Amp_PushOff      x_fitness          U_fit    STS_fitness
             1)         1.7596         0.2259         0.2468       -15.7225         0.8097         0.0625         7.0288         0.8094         0.0224        18.1763         0.0036         0.4476       -10.8896         0.4339         0.8537         1.5169         0.7506         0.2343       -10.0868         2.3388         0.0202           0.38
             2)         1.7596         0.2259         0.2468       -15.7225         0.8097         0.0625         7.0288         0.8094         0.0224        18.1763         0.0036         0.4476       -10.8896         0.4339         0.8537         1.5169         0.7506         0.2343       -10.0868         2.3388         0.0202           0.38
             3)         1.6949         0.2054         0.2359       -15.9597         0.7445         0.0711        11.4351           0.75         0.0382        14.5059         0.0033         0.4477       -10.8697           0.45         0.8594         1.5104         0.7551          0.224       -10.0667         1.2987         0.0112          0.405
             5)         1.6949         0.2054         0.2359       -15.9597         0.7445         0.0711        11.4351           0.75         0.0382        14.5059         0.0033         0.4477       -10.8697           0.45         0.8594         1.5104         0.7551          0.224       -10.0667         1.2987         0.0112          0.405
2 )                         omega      phi_s_Hip      phi_e_Hip        Amp_Hip    phi_s_knee1    phi_e_knee1      Amp_knee1    phi_s_knee2    phi_e_knee2      Amp_knee2   phi_s_toeOff    dphi_toeOff     Amp_toeOff     phi_s_flex      dphi_flex       Amp_flex  phi_s_PushOff   dphi_PushOff    Amp_PushOff      x_fitness          U_fit    STS_fitness
             1)         1.7421         0.2184         0.2378       -15.7207         0.6562         0.0514        10.8616         0.6704         0.0216        17.8579         0.0036         0.4493       -10.8768         0.4326         0.8568         1.5162         0.7534         0.2221       -10.0889         2.2277         0.0196          0.405
             2)         1.7421         0.2184         0.2378       -15.7207         0.6562         0.0514        10.8616         0.6704         0.0216        17.8579         0.0036         0.4493       -10.8768         0.4326         0.8568         1.5162         0.7534         0.2221       -10.0889         2.2277         0.0196          0.405
             3)         1.7421         0.2184         0.2378       -15.7207         0.6562         0.0514        10.8616         0.6704         0.0216        17.8579         0.0036         0.4493       -10.8768         0.4326         0.8568         1.5162         0.7534         0.2221       -10.0889         2.2277         0.0196          0.405
3 )                         omega      phi_s_Hip      phi_e_Hip        Amp_Hip    phi_s_knee1    phi_e_knee1      Amp_knee1    phi_s_knee2    phi_e_knee2      Amp_knee2   phi_s_toeOff    dphi_toeOff     Amp_toeOff     phi_s_flex      dphi_flex       Amp_flex  phi_s_PushOff   dphi_PushOff    Amp_PushOff      x_fitness          U_fit    STS_fitness
             1)          1.711         0.2187         0.2357       -15.3516         0.8588          0.054         8.6591         0.7235         0.0605           20.0         0.0038         0.4485       -10.8726         0.4338         0.8514         1.5115         0.7636          0.231       -10.0883         2.5332         0.0229          0.405
             2)          1.711         0.2187         0.2357       -15.3516         0.8588          0.054         8.6591         0.7235         0.0605           20.0         0.0038         0.4485       -10.8726         0.4338         0.8514         1.5115         0.7636          0.231       -10.0883         2.5332         0.0229          0.405
             3)          1.711         0.2187         0.2357       -15.3516         0.8588          0.054         8.6591         0.7235         0.0605           20.0         0.0038         0.4485       -10.8726         0.4338         0.8514         1.5115         0.7636          0.231       -10.0883         2.5332         0.0229          0.405
4 )                         omega      phi_s_Hip      phi_e_Hip        Amp_Hip    phi_s_knee1    phi_e_knee1      Amp_knee1    phi_s_knee2    phi_e_knee2      Amp_knee2   phi_s_toeOff    dphi_toeOff     Amp_toeOff     phi_s_flex      dphi_flex       Amp_flex  phi_s_PushOff   dphi_PushOff    Amp_PushOff      x_fitness          U_fit    STS_fitness
             1)         1.7354          0.194         0.2517       -15.5687         0.8225         0.0559        10.0797          0.538         0.0231        18.5273         0.0036         0.4482       -10.8786         0.4359         0.8651           1.52         0.7557         0.2343        -10.085         1.9703          0.017           0.32
             2)         1.7359         0.2073         0.2398       -15.6476         0.7926          0.062        13.6697         0.6376         0.0348         19.615         0.0036         0.4495       -10.8763         0.4342         0.8477         1.5154         0.7566         0.2335          -10.1         1.9462         0.0171            0.3
             3)         1.7139         0.2164         0.2375       -15.2963         0.6104         0.0425         7.6367         0.7153         0.0245        16.7775         0.0025         0.4494       -10.8719         0.4386         0.8577         1.5117         0.7531         0.2284          -10.1         1.1234         0.0102          0.405
             6)         1.7139         0.2164         0.2375       -15.2963         0.6104         0.0425         7.6367         0.7153         0.0245        16.7775         0.0025         0.4494       -10.8719         0.4386         0.8577         1.5117         0.7531         0.2284          -10.1         1.1234         0.0102          0.405
5 )                         omega      phi_s_Hip      phi_e_Hip        Amp_Hip    phi_s_knee1    phi_e_knee1      Amp_knee1    phi_s_knee2    phi_e_knee2      Amp_knee2   phi_s_toeOff    dphi_toeOff     Amp_toeOff     phi_s_flex      dphi_flex       Amp_flex  phi_s_PushOff   dphi_PushOff    Amp_PushOff      x_fitness          U_fit    STS_fitness
             1)           1.72         0.2183         0.2488       -15.9315         0.6191         0.0396         8.3409         0.7145         0.0214        17.3525         0.0024           0.45       -10.8802         0.4325         0.8479         1.5192         0.7538         0.2277       -10.0951         2.0993         0.0184           0.32
             2)           1.72         0.2183         0.2488       -15.9315         0.6191         0.0396         8.3409         0.7145         0.0214        17.3525         0.0024           0.45       -10.8802         0.4325         0.8479         1.5192         0.7538         0.2277       -10.0951         2.0993         0.0184           0.32
             3)         1.7556         0.2011         0.2517       -15.5848         0.8325         0.0433         7.4019         0.6186         0.0313        14.8318         0.0038         0.4475       -10.8655         0.4273         0.8485         1.5106         0.7539         0.2332       -10.0624         1.3021         0.0113            0.4
6 )                         omega      phi_s_Hip      phi_e_Hip        Amp_Hip    phi_s_knee1    phi_e_knee1      Amp_knee1    phi_s_knee2    phi_e_knee2      Amp_knee2   phi_s_toeOff    dphi_toeOff     Amp_toeOff     phi_s_flex      dphi_flex       Amp_flex  phi_s_PushOff   dphi_PushOff    Amp_PushOff      x_fitness          U_fit    STS_fitness
             1)         1.7817         0.2287         0.2377       -15.5082         0.8659         0.0606        10.8771         0.5393         0.0214         9.8563         0.0036         0.4465       -10.8828         0.4361         0.8574         1.5145         0.7544         0.2355       -10.0745         2.2809         0.0201            0.4
             2)         1.7817         0.2287         0.2377       -15.5082         0.8659         0.0606        10.8771         0.5393         0.0214         9.8563         0.0036         0.4465       -10.8828         0.4361         0.8574         1.5145         0.7544         0.2355       -10.0745         2.2809         0.0201            0.4
             3)         1.7817         0.2287         0.2377       -15.5082         0.8659         0.0606        10.8771         0.5393         0.0214         9.8563         0.0036         0.4465       -10.8828         0.4361         0.8574         1.5145         0.7544         0.2355       -10.0745         2.2809         0.0201            0.4
7 )                         omega      phi_s_Hip      phi_e_Hip        Amp_Hip    phi_s_knee1    phi_e_knee1      Amp_knee1    phi_s_knee2    phi_e_knee2      Amp_knee2   phi_s_toeOff    dphi_toeOff     Amp_toeOff     phi_s_flex      dphi_flex       Amp_flex  phi_s_PushOff   dphi_PushOff    Amp_PushOff      x_fitness          U_fit    STS_fitness
             1)         1.7367         0.1934         0.2488       -15.5246         0.7783         0.0546         2.8028         0.4313         0.0344        12.6568         0.0041         0.4488       -10.8645         0.4393          0.858         1.5107         0.7437         0.2254        -10.058         1.7507         0.0151           0.29
             2)          1.773         0.2293         0.2387       -15.4732            0.9         0.0603        11.5914         0.5851         0.0214         9.7473         0.0035          0.445       -10.8707         0.4355         0.8577         1.5141         0.7535         0.2357       -10.0727         1.7377         0.0152          0.295
             3)         1.7319          0.227         0.2357       -15.6213         0.8111         0.0588         4.5954         0.5734         0.0299          16.11         0.0039         0.4485       -10.8729         0.4374         0.8563         1.5115           0.76         0.2158        -10.043          1.286         0.0116           0.39
8 )                         omega      phi_s_Hip      phi_e_Hip        Amp_Hip    phi_s_knee1    phi_e_knee1      Amp_knee1    phi_s_knee2    phi_e_knee2      Amp_knee2   phi_s_toeOff    dphi_toeOff     Amp_toeOff     phi_s_flex      dphi_flex       Amp_flex  phi_s_PushOff   dphi_PushOff    Amp_PushOff      x_fitness          U_fit    STS_fitness
             1)         1.7201         0.2083         0.2373        -15.774         0.7293         0.0882         5.4083         0.6073         0.0229        18.9762         0.0026         0.4467       -10.8768         0.4395         0.8592         1.5119         0.7567         0.2227       -10.0957         2.5952         0.0225          0.375
             2)         1.7201         0.2083         0.2373        -15.774         0.7293         0.0882         5.4083         0.6073         0.0229        18.9762         0.0026         0.4467       -10.8768         0.4395         0.8592         1.5119         0.7567         0.2227       -10.0957         2.5952         0.0225          0.375
             3)         1.7469         0.2106         0.2449       -15.4192         0.7085         0.0533         0.0418         0.4578         0.0363           20.0         0.0038         0.4489       -10.8791         0.4256         0.8539         1.5103         0.7445         0.2165       -10.0313         1.4659         0.0131          0.395
9 )                         omega      phi_s_Hip      phi_e_Hip        Amp_Hip    phi_s_knee1    phi_e_knee1      Amp_knee1    phi_s_knee2    phi_e_knee2      Amp_knee2   phi_s_toeOff    dphi_toeOff     Amp_toeOff     phi_s_flex      dphi_flex       Amp_flex  phi_s_PushOff   dphi_PushOff    Amp_PushOff      x_fitness          U_fit    STS_fitness
             1)         1.7365         0.2262         0.2466       -15.3745         0.8666         0.0888         4.0412         0.5249         0.0292        14.0824         0.0035         0.4484       -10.8733         0.4393         0.8565         1.5084          0.751         0.2156       -10.0308         2.0342         0.0172           0.32
             2)         1.7107         0.2197          0.252       -15.2111            0.9          0.046        13.7295         0.4097         0.0565        18.5756         0.0038         0.4437       -10.8889         0.4382         0.8621         1.5022          0.749         0.2235          -10.1         1.9739         0.0176           0.29
             3)         1.7254          0.209         0.2498          -16.0         0.7636         0.0363         1.5058         0.7072         0.0338        12.0125         0.0033         0.4499       -10.8728         0.4392         0.8566          1.518          0.758         0.2316       -10.0828         1.3062          0.011          0.335
10 )                         omega      phi_s_Hip      phi_e_Hip        Amp_Hip    phi_s_knee1    phi_e_knee1      Amp_knee1    phi_s_knee2    phi_e_knee2      Amp_knee2   phi_s_toeOff    dphi_toeOff     Amp_toeOff     phi_s_flex      dphi_flex       Amp_flex  phi_s_PushOff   dphi_PushOff    Amp_PushOff      x_fitness          U_fit    STS_fitness
             1)         1.7206         0.2028         0.2448       -15.6135         0.8246           0.09         3.2788         0.4925         0.0249        16.4686         0.0027         0.4494       -10.8625         0.4377         0.8659         1.5104         0.7507          0.226       -10.0713         2.1826          0.019          0.385
             2)         1.7206         0.2028         0.2448       -15.6135         0.8246           0.09         3.2788         0.4925         0.0249        16.4686         0.0027         0.4494       -10.8625         0.4377         0.8659         1.5104         0.7507          0.226       -10.0713         2.1826          0.019          0.385
             3)         1.7206         0.2028         0.2448       -15.6135         0.8246           0.09         3.2788         0.4925         0.0249        16.4686         0.0027         0.4494       -10.8625         0.4377         0.8659         1.5104         0.7507          0.226       -10.0713         2.1826          0.019          0.385
11 )                         omega      phi_s_Hip      phi_e_Hip        Amp_Hip    phi_s_knee1    phi_e_knee1      Amp_knee1    phi_s_knee2    phi_e_knee2      Amp_knee2   phi_s_toeOff    dphi_toeOff     Amp_toeOff     phi_s_flex      dphi_flex       Amp_flex  phi_s_PushOff   dphi_PushOff    Amp_PushOff      x_fitness          U_fit    STS_fitness
             1)          1.711         0.2088          0.256       -15.7732         0.7904         0.0804        14.3096         0.6024         0.0348        16.3475          0.004           0.45       -10.8644         0.4344         0.8516         1.5175         0.7549         0.2354          -10.1         2.4341         0.0208          0.375
             2)          1.711         0.2088          0.256       -15.7732         0.7904         0.0804        14.3096         0.6024         0.0348        16.3475          0.004           0.45       -10.8644         0.4344         0.8516         1.5175         0.7549         0.2354          -10.1         2.4341         0.0208          0.375
             3)         1.7126         0.2319         0.2485       -15.3321            0.9          0.053         5.8785         0.5364         0.0442           20.0         0.0036           0.45       -10.8763         0.4356         0.8409         1.5159          0.748         0.2348       -10.0627         1.5951         0.0142           0.39
12 )                         omega      phi_s_Hip      phi_e_Hip        Amp_Hip    phi_s_knee1    phi_e_knee1      Amp_knee1    phi_s_knee2    phi_e_knee2      Amp_knee2   phi_s_toeOff    dphi_toeOff     Amp_toeOff     phi_s_flex      dphi_flex       Amp_flex  phi_s_PushOff   dphi_PushOff    Amp_PushOff      x_fitness          U_fit    STS_fitness
             1)         1.6798         0.1952          0.238       -15.6368         0.8768         0.0462         9.6967         0.5501         0.0218        13.9959         0.0038           0.45       -10.8667          0.434         0.8619          1.508         0.7486         0.2302       -10.0808         1.9908         0.0174           0.31
             2)         1.6798         0.1952          0.238       -15.6368         0.8768         0.0462         9.6967         0.5501         0.0218        13.9959         0.0038           0.45       -10.8667          0.434         0.8619          1.508         0.7486         0.2302       -10.0808         1.9908         0.0174           0.31
             3)         1.7379          0.205         0.2361       -15.5189         0.6318         0.0696         4.6645         0.6265         0.0237        16.6616         0.0037         0.4395       -10.8815           0.44         0.8418         1.5175         0.7631         0.2297       -10.0414         1.5257         0.0136          0.405
13 )                         omega      phi_s_Hip      phi_e_Hip        Amp_Hip    phi_s_knee1    phi_e_knee1      Amp_knee1    phi_s_knee2    phi_e_knee2      Amp_knee2   phi_s_toeOff    dphi_toeOff     Amp_toeOff     phi_s_flex      dphi_flex       Amp_flex  phi_s_PushOff   dphi_PushOff    Amp_PushOff      x_fitness          U_fit    STS_fitness
             1)         1.6989         0.1946         0.2385       -15.5662         0.8321         0.0601         9.7804         0.6231         0.0232        12.3604         0.0039         0.4497       -10.8721         0.4475         0.8646         1.5108         0.7501         0.2304       -10.0742         2.3598         0.0206          0.405
             2)         1.6989         0.1946         0.2385       -15.5662         0.8321         0.0601         9.7804         0.6231         0.0232        12.3604         0.0039         0.4497       -10.8721         0.4475         0.8646         1.5108         0.7501         0.2304       -10.0742         2.3598         0.0206          0.405
             3)         1.6989         0.1946         0.2385       -15.5662         0.8321         0.0601         9.7804         0.6231         0.0232        12.3604         0.0039         0.4497       -10.8721         0.4475         0.8646         1.5108         0.7501         0.2304       -10.0742         2.3598         0.0206          0.405
14 )                         omega      phi_s_Hip      phi_e_Hip        Amp_Hip    phi_s_knee1    phi_e_knee1      Amp_knee1    phi_s_knee2    phi_e_knee2      Amp_knee2   phi_s_toeOff    dphi_toeOff     Amp_toeOff     phi_s_flex      dphi_flex       Amp_flex  phi_s_PushOff   dphi_PushOff    Amp_PushOff      x_fitness          U_fit    STS_fitness
             1)         1.7114         0.2071          0.255       -15.4466         0.8013         0.0879         0.8389         0.6721         0.0278        15.8989         0.0043         0.4469         -10.87         0.4326         0.8376         1.5132         0.7534         0.2123       -10.0841         2.0743         0.0179          0.315
             2)         1.7114         0.2071          0.255       -15.4466         0.8013         0.0879         0.8389         0.6721         0.0278        15.8989         0.0043         0.4469         -10.87         0.4326         0.8376         1.5132         0.7534         0.2123       -10.0841         2.0743         0.0179          0.315
             3)          1.718         0.2034         0.2523       -15.3913         0.7727         0.0624         9.4716         0.4465         0.0226        12.2922         0.0022         0.4463       -10.8666         0.4337         0.8583         1.5064         0.7542          0.234       -10.0881         1.5479         0.0135           0.39
15 )                         omega      phi_s_Hip      phi_e_Hip        Amp_Hip    phi_s_knee1    phi_e_knee1      Amp_knee1    phi_s_knee2    phi_e_knee2      Amp_knee2   phi_s_toeOff    dphi_toeOff     Amp_toeOff     phi_s_flex      dphi_flex       Amp_flex  phi_s_PushOff   dphi_PushOff    Amp_PushOff      x_fitness          U_fit    STS_fitness
             1)         1.6915           0.21         0.2535       -15.7175         0.5895           0.09        12.3308         0.6061         0.0242        15.5422         0.0039         0.4492       -10.8695         0.4323         0.8426         1.5179         0.7461         0.2253          -10.1         2.5489         0.0226          0.385
             2)         1.6915           0.21         0.2535       -15.7175         0.5895           0.09        12.3308         0.6061         0.0242        15.5422         0.0039         0.4492       -10.8695         0.4323         0.8426         1.5179         0.7461         0.2253          -10.1         2.5489         0.0226          0.385
             3)         1.7416         0.1949         0.2513       -15.5705         0.8063         0.0763        10.1035         0.4709         0.0372           20.0         0.0037         0.4493       -10.8625         0.4381         0.8445         1.5172         0.7502         0.2219       -10.0612         1.0551         0.0091          0.395
16 )                         omega      phi_s_Hip      phi_e_Hip        Amp_Hip    phi_s_knee1    phi_e_knee1      Amp_knee1    phi_s_knee2    phi_e_knee2      Amp_knee2   phi_s_toeOff    dphi_toeOff     Amp_toeOff     phi_s_flex      dphi_flex       Amp_flex  phi_s_PushOff   dphi_PushOff    Amp_PushOff      x_fitness          U_fit    STS_fitness
             1)         1.7561         0.1938         0.2435       -15.7377            0.9         0.0535         9.5256         0.5239         0.0315        18.3088         0.0037         0.4482       -10.8739         0.4308         0.8434         1.5186         0.7457         0.2264        -10.056         2.0728         0.0177          0.355
             2)         1.7561         0.1938         0.2435       -15.7377            0.9         0.0535         9.5256         0.5239         0.0315        18.3088         0.0037         0.4482       -10.8739         0.4308         0.8434         1.5186         0.7457         0.2264        -10.056         2.0728         0.0177          0.355
             3)         1.7415         0.2047         0.2426       -15.5219          0.847         0.0763        10.2607         0.7467         0.0383           20.0          0.004         0.4443       -10.8632         0.4395         0.8548         1.5136          0.761         0.2287       -10.0972         1.7357         0.0154           0.39
17 )                         omega      phi_s_Hip      phi_e_Hip        Amp_Hip    phi_s_knee1    phi_e_knee1      Amp_knee1    phi_s_knee2    phi_e_knee2      Amp_knee2   phi_s_toeOff    dphi_toeOff     Amp_toeOff     phi_s_flex      dphi_flex       Amp_flex  phi_s_PushOff   dphi_PushOff    Amp_PushOff      x_fitness          U_fit    STS_fitness
             1)         1.7029         0.2098         0.2562       -15.2026         0.8547         0.0668         8.1289         0.4271         0.0329        15.7061         0.0039           0.45       -10.8736         0.4421         0.8547         1.5195         0.7532         0.2236       -10.0972         2.0664         0.0181          0.315
             2)         1.7029         0.2098         0.2562       -15.2026         0.8547         0.0668         8.1289         0.4271         0.0329        15.7061         0.0039           0.45       -10.8736         0.4421         0.8547         1.5195         0.7532         0.2236       -10.0972         2.0664         0.0181          0.315
             3)         1.7178         0.1929         0.2389       -15.5758            0.9          0.088         9.5114         0.5451         0.0324        11.2983         0.0043         0.4436       -10.8874          0.448         0.8571         1.5104         0.7479           0.23       -10.0524         1.4614         0.0126          0.405
18 )                         omega      phi_s_Hip      phi_e_Hip        Amp_Hip    phi_s_knee1    phi_e_knee1      Amp_knee1    phi_s_knee2    phi_e_knee2      Amp_knee2   phi_s_toeOff    dphi_toeOff     Amp_toeOff     phi_s_flex      dphi_flex       Amp_flex  phi_s_PushOff   dphi_PushOff    Amp_PushOff      x_fitness          U_fit    STS_fitness
             1)         1.6983         0.2056         0.2571       -15.6811         0.8699         0.0623         9.1007          0.574         0.0261        13.8943         0.0038         0.4387       -10.8663         0.4394           0.84         1.5101         0.7553         0.2357       -10.0852          1.995          0.018          0.325
             2)         1.6983         0.2056         0.2571       -15.6811         0.8699         0.0623         9.1007          0.574         0.0261        13.8943         0.0038         0.4387       -10.8663         0.4394           0.84         1.5101         0.7553         0.2357       -10.0852          1.995          0.018          0.325
             3)         1.7422          0.193         0.2424         -15.29         0.8298         0.0622         8.6402          0.547         0.0275          17.78         0.0038         0.4481       -10.8703         0.4452         0.8441         1.5121         0.7451         0.2354       -10.0858         1.4295         0.0124          0.405
             6)         1.7422          0.193         0.2424         -15.29         0.8298         0.0622         8.6402          0.547         0.0275          17.78         0.0038         0.4481       -10.8703         0.4452         0.8441         1.5121         0.7451         0.2354       -10.0858         1.4295         0.0124          0.405
19 )                         omega      phi_s_Hip      phi_e_Hip        Amp_Hip    phi_s_knee1    phi_e_knee1      Amp_knee1    phi_s_knee2    phi_e_knee2      Amp_knee2   phi_s_toeOff    dphi_toeOff     Amp_toeOff     phi_s_flex      dphi_flex       Amp_flex  phi_s_PushOff   dphi_PushOff    Amp_PushOff      x_fitness          U_fit    STS_fitness
             1)         1.7133         0.2073         0.2452       -15.5283         0.8695         0.0796         6.3013         0.7337         0.0276        15.5109         0.0035         0.4426       -10.8798          0.432         0.8594         1.5101         0.7458         0.2272       -10.0884         2.0979         0.0185          0.355
             2)         1.7133         0.2073         0.2452       -15.5283         0.8695         0.0796         6.3013         0.7337         0.0276        15.5109         0.0035         0.4426       -10.8798          0.432         0.8594         1.5101         0.7458         0.2272       -10.0884         2.0979         0.0185          0.355
             3)         1.7363          0.206         0.2393       -15.5312         0.8931         0.0569         7.4036         0.5592         0.0271        14.3418         0.0039           0.45       -10.8784         0.4471          0.843         1.5087         0.7622         0.2357       -10.0999         1.9051         0.0169          0.405
