0 )                         omega      phi_s_Hip      phi_e_Hip        Amp_Hip    phi_s_knee1    phi_e_knee1      Amp_knee1    phi_s_knee2    phi_e_knee2      Amp_knee2   phi_s_toeOff    dphi_toeOff     Amp_toeOff     phi_s_flex      dphi_flex       Amp_flex  phi_s_PushOff   dphi_PushOff    Amp_PushOff      x_fitness          U_fit    STS_fitness
             1)         1.7152         0.2205         0.2383       -15.5376         0.4157          0.059         2.1366          0.304         0.0486        16.6356         0.0033           0.45       -10.8714         0.4467         0.8429           1.52          0.764         0.2313        -10.041         2.0704         0.0176           0.36
             2)         1.7152         0.2205         0.2383       -15.5376         0.4157          0.059         2.1366          0.304         0.0486        16.6356         0.0033           0.45       -10.8714         0.4467         0.8429           1.52          0.764         0.2313        -10.041         2.0704         0.0176           0.36
             3)         1.7559         0.2063         0.2433       -15.9605         0.7279         0.0694         2.8021         0.3517         0.0491        19.8616         0.0035         0.4464       -10.8642         0.4387         0.8465         1.5147         0.7516         0.2334       -10.0293         1.6326         0.0137            0.4
1 )                         omega      phi_s_Hip      phi_e_Hip        Amp_Hip    phi_s_knee1    phi_e_knee1      Amp_knee1    phi_s_knee2    phi_e_knee2      Amp_knee2   phi_s_toeOff    dphi_toeOff     Amp_toeOff     phi_s_flex      dphi_flex       Amp_flex  phi_s_PushOff   dphi_PushOff    Amp_PushOff      x_fitness          U_fit    STS_fitness
             1)         1.7242         0.2252         0.2608       -15.8896         0.3718         0.0635        10.7462         0.4478         0.0503        17.1219          0.004         0.4433       -10.8608         0.4433         0.8553         1.5194         0.7415         0.2183        -9.9416         2.6819         0.0235          0.405
             2)         1.7242         0.2252         0.2608       -15.8896         0.3718         0.0635        10.7462         0.4478         0.0503        17.1219          0.004         0.4433       -10.8608         0.4433         0.8553         1.5194         0.7415         0.2183        -9.9416         2.6819         0.0235          0.405
             3)         1.7299         0.2255         0.2399       -15.1507           0.64         0.0664         0.2831         0.3712         0.0491        16.4659         0.0031         0.4468       -10.8672          0.444         0.8435          1.519         0.7455          0.228       -10.0128         1.3703          0.012          0.405
             5)         1.7299         0.2255         0.2399       -15.1507           0.64         0.0664         0.2831         0.3712         0.0491        16.4659         0.0031         0.4468       -10.8672          0.444         0.8435          1.519         0.7455          0.228       -10.0128         1.3703          0.012          0.405
2 )                         omega      phi_s_Hip      phi_e_Hip        Amp_Hip    phi_s_knee1    phi_e_knee1      Amp_knee1    phi_s_knee2    phi_e_knee2      Amp_knee2   phi_s_toeOff    dphi_toeOff     Amp_toeOff     phi_s_flex      dphi_flex       Amp_flex  phi_s_PushOff   dphi_PushOff    Amp_PushOff      x_fitness          U_fit    STS_fitness
             1)         1.7646         0.2266         0.2505       -15.2579         0.6515         0.0749         3.5238         0.3911         0.0454        14.8506          0.003         0.4478       -10.8828         0.4421         0.8459           1.52         0.7543         0.2327       -10.0136         2.2826         0.0191          0.345
             2)         1.7646         0.2266         0.2505       -15.2579         0.6515         0.0749         3.5238         0.3911         0.0454        14.8506          0.003         0.4478       -10.8828         0.4421         0.8459           1.52         0.7543         0.2327       -10.0136         2.2826         0.0191          0.345
             3)         1.7622         0.2094         0.2499        -15.852         0.3379         0.0613         3.3102         0.3423         0.0573        16.4214         0.0033         0.4434       -10.8693         0.4423         0.8435         1.5147         0.7577         0.2341        -9.9406         1.7106         0.0143          0.405
3 )                         omega      phi_s_Hip      phi_e_Hip        Amp_Hip    phi_s_knee1    phi_e_knee1      Amp_knee1    phi_s_knee2    phi_e_knee2      Amp_knee2   phi_s_toeOff    dphi_toeOff     Amp_toeOff     phi_s_flex      dphi_flex       Amp_flex  phi_s_PushOff   dphi_PushOff    Amp_PushOff      x_fitness          U_fit    STS_fitness
             1)         1.7492          0.206         0.2544       -15.7333         0.5947         0.0631         8.7345         0.4197         0.0458           20.0         0.0032         0.4447       -10.8637         0.4376         0.8367         1.5154         0.7488         0.2327       -10.0179         2.3628         0.0201          0.405
             2)         1.7492          0.206         0.2544       -15.7333         0.5947         0.0631         8.7345         0.4197         0.0458           20.0         0.0032         0.4447       -10.8637         0.4376         0.8367         1.5154         0.7488         0.2327       -10.0179         2.3628         0.0201          0.405
             3)         1.7279         0.2202         0.2533       -15.3627         0.4136         0.0408            0.0         0.1113          0.063        14.2463         0.0034         0.4495       -10.8714         0.4113         0.8496         1.5155         0.7465         0.2335       -10.0547         1.5739         0.0139          0.405
            10)         1.7279         0.2202         0.2533       -15.3627         0.4136         0.0408            0.0         0.1113          0.063        14.2463         0.0034         0.4495       -10.8714         0.4113         0.8496         1.5155         0.7465         0.2335       -10.0547         1.5739         0.0139          0.405
4 )                         omega      phi_s_Hip      phi_e_Hip        Amp_Hip    phi_s_knee1    phi_e_knee1      Amp_knee1    phi_s_knee2    phi_e_knee2      Amp_knee2   phi_s_toeOff    dphi_toeOff     Amp_toeOff     phi_s_flex      dphi_flex       Amp_flex  phi_s_PushOff   dphi_PushOff    Amp_PushOff      x_fitness          U_fit    STS_fitness
             1)         1.6816         0.2125         0.2495       -15.7349         0.5962         0.0385        10.1444         0.3792         0.0527        19.0653         0.0035         0.4471       -10.8672         0.4497         0.8433         1.5142         0.7488          0.235       -10.0078         2.2881         0.0196          0.365
             2)         1.6816         0.2125         0.2495       -15.7349         0.5962         0.0385        10.1444         0.3792         0.0527        19.0653         0.0035         0.4471       -10.8672         0.4497         0.8433         1.5142         0.7488          0.235       -10.0078         2.2881         0.0196          0.365
             3)         1.7454          0.203         0.2547       -15.6898         0.3829         0.0521         1.9779         0.0628         0.0665        15.3917         0.0029         0.4485       -10.8742         0.4495          0.842         1.5153         0.7603         0.2328        -10.076          1.299         0.0111          0.405
5 )                         omega      phi_s_Hip      phi_e_Hip        Amp_Hip    phi_s_knee1    phi_e_knee1      Amp_knee1    phi_s_knee2    phi_e_knee2      Amp_knee2   phi_s_toeOff    dphi_toeOff     Amp_toeOff     phi_s_flex      dphi_flex       Amp_flex  phi_s_PushOff   dphi_PushOff    Amp_PushOff      x_fitness          U_fit    STS_fitness
             1)         1.7119          0.217         0.2514       -15.6904         0.3089         0.0376         2.7666         0.0818         0.0674        14.4797         0.0028         0.4439       -10.8618         0.4451         0.8456         1.5102         0.7633         0.2251        -9.9863         1.9695         0.0167           0.35
             2)         1.7119          0.217         0.2514       -15.6904         0.3089         0.0376         2.7666         0.0818         0.0674        14.4797         0.0028         0.4439       -10.8618         0.4451         0.8456         1.5102         0.7633         0.2251        -9.9863         1.9695         0.0167           0.35
             3)         1.7579         0.2259          0.257       -15.5599         0.3117         0.0714         6.5971         0.2132         0.0648        18.0827          0.004         0.4494        -10.873          0.442         0.8459           1.52         0.7432         0.2305        -9.9927         1.5422         0.0132          0.405
6 )                         omega      phi_s_Hip      phi_e_Hip        Amp_Hip    phi_s_knee1    phi_e_knee1      Amp_knee1    phi_s_knee2    phi_e_knee2      Amp_knee2   phi_s_toeOff    dphi_toeOff     Amp_toeOff     phi_s_flex      dphi_flex       Amp_flex  phi_s_PushOff   dphi_PushOff    Amp_PushOff      x_fitness          U_fit    STS_fitness
             1)         1.7732         0.2163         0.2525       -15.8037         0.4165         0.0428         8.6408         0.4015         0.0659        19.1699         0.0035         0.4494        -10.865         0.4396         0.8384         1.5137         0.7499         0.2267        -9.9895         2.5049         0.0212            0.4
             2)         1.7732         0.2163         0.2525       -15.8037         0.4165         0.0428         8.6408         0.4015         0.0659        19.1699         0.0035         0.4494        -10.865         0.4396         0.8384         1.5137         0.7499         0.2267        -9.9895         2.5049         0.0212            0.4
             3)         1.7732         0.2163         0.2525       -15.8037         0.4165         0.0428         8.6408         0.4015         0.0659        19.1699         0.0035         0.4494        -10.865         0.4396         0.8384         1.5137         0.7499         0.2267        -9.9895         2.5049         0.0212            0.4
7 )                         omega      phi_s_Hip      phi_e_Hip        Amp_Hip    phi_s_knee1    phi_e_knee1      Amp_knee1    phi_s_knee2    phi_e_knee2      Amp_knee2   phi_s_toeOff    dphi_toeOff     Amp_toeOff     phi_s_flex      dphi_flex       Amp_flex  phi_s_PushOff   dphi_PushOff    Amp_PushOff      x_fitness          U_fit    STS_fitness
             1)         1.6986          0.216         0.2522       -15.8225         0.5992         0.0442          2.312          0.356         0.0509        19.1782         0.0036         0.4461        -10.872           0.45         0.8432         1.5167         0.7428         0.2357        -9.9967         2.0192         0.0177           0.34
             2)         1.6986          0.216         0.2522       -15.8225         0.5992         0.0442          2.312          0.356         0.0509        19.1782         0.0036         0.4461        -10.872           0.45         0.8432         1.5167         0.7428         0.2357        -9.9967         2.0192         0.0177           0.34
             3)         1.6986          0.216         0.2522       -15.8225         0.5992         0.0442          2.312          0.356         0.0509        19.1782         0.0036         0.4461        -10.872           0.45         0.8432         1.5167         0.7428         0.2357        -9.9967         2.0192         0.0177           0.34
8 )                         omega      phi_s_Hip      phi_e_Hip        Amp_Hip    phi_s_knee1    phi_e_knee1      Amp_knee1    phi_s_knee2    phi_e_knee2      Amp_knee2   phi_s_toeOff    dphi_toeOff     Amp_toeOff     phi_s_flex      dphi_flex       Amp_flex  phi_s_PushOff   dphi_PushOff    Amp_PushOff      x_fitness          U_fit    STS_fitness
             1)         1.7225         0.2181         0.2552       -15.6694         0.5649         0.0396         1.1954         0.3493         0.0603        17.3689         0.0037           0.45       -10.8495         0.4481         0.8396         1.5161         0.7593         0.2357        -9.9993         2.3163         0.0197           0.38
             2)         1.7225         0.2181         0.2552       -15.6694         0.5649         0.0396         1.1954         0.3493         0.0603        17.3689         0.0037           0.45       -10.8495         0.4481         0.8396         1.5161         0.7593         0.2357        -9.9993         2.3163         0.0197           0.38
             3)          1.744          0.227         0.2528        -15.986         0.4449         0.0529         2.7964         0.2361          0.056        15.0274         0.0036           0.45       -10.8672         0.4387         0.8408         1.5196         0.7627         0.2357       -10.0212         1.5157         0.0135          0.405
9 )                         omega      phi_s_Hip      phi_e_Hip        Amp_Hip    phi_s_knee1    phi_e_knee1      Amp_knee1    phi_s_knee2    phi_e_knee2      Amp_knee2   phi_s_toeOff    dphi_toeOff     Amp_toeOff     phi_s_flex      dphi_flex       Amp_flex  phi_s_PushOff   dphi_PushOff    Amp_PushOff      x_fitness          U_fit    STS_fitness
             1)         1.7159          0.226         0.2529       -15.7446         0.5975         0.0698         1.3609         0.2412         0.0558        13.6499         0.0036           0.45       -10.8701         0.4433         0.8427           1.52         0.7644          0.235       -10.0186         1.7697          0.015          0.295
             2)         1.7159          0.226         0.2529       -15.7446         0.5975         0.0698         1.3609         0.2412         0.0558        13.6499         0.0036           0.45       -10.8701         0.4433         0.8427           1.52         0.7644          0.235       -10.0186         1.7697          0.015          0.295
             3)         1.7413         0.2175         0.2594       -15.3063          0.649         0.0668        12.4408         0.3651         0.0661        17.1944         0.0033         0.4446       -10.8725         0.4423         0.8454         1.5097         0.7512         0.2342        -9.9953         1.2892         0.0114          0.405
             5)         1.7413         0.2175         0.2594       -15.3063          0.649         0.0668        12.4408         0.3651         0.0661        17.1944         0.0033         0.4446       -10.8725         0.4423         0.8454         1.5097         0.7512         0.2342        -9.9953         1.2892         0.0114          0.405
10 )                         omega      phi_s_Hip      phi_e_Hip        Amp_Hip    phi_s_knee1    phi_e_knee1      Amp_knee1    phi_s_knee2    phi_e_knee2      Amp_knee2   phi_s_toeOff    dphi_toeOff     Amp_toeOff     phi_s_flex      dphi_flex       Amp_flex  phi_s_PushOff   dphi_PushOff    Amp_PushOff      x_fitness          U_fit    STS_fitness
             1)         1.7268         0.2279         0.2614       -15.5445         0.4151         0.0362         6.9777         0.2147         0.0391        17.8991          0.004         0.4482       -10.8747         0.4464         0.8483          1.515         0.7582          0.223       -10.0146         1.8978         0.0168           0.32
             2)         1.7268         0.2279         0.2614       -15.5445         0.4151         0.0362         6.9777         0.2147         0.0391        17.8991          0.004         0.4482       -10.8747         0.4464         0.8483          1.515         0.7582          0.223       -10.0146         1.8978         0.0168           0.32
             3)         1.7525         0.2213          0.252       -15.6443         0.6515         0.0686         1.1273         0.4332         0.0453           20.0         0.0034         0.4488       -10.8689         0.4495         0.8508         1.5191         0.7452         0.2357       -10.0044         1.2139         0.0104          0.405
11 )                         omega      phi_s_Hip      phi_e_Hip        Amp_Hip    phi_s_knee1    phi_e_knee1      Amp_knee1    phi_s_knee2    phi_e_knee2      Amp_knee2   phi_s_toeOff    dphi_toeOff     Amp_toeOff     phi_s_flex      dphi_flex       Amp_flex  phi_s_PushOff   dphi_PushOff    Amp_PushOff      x_fitness          U_fit    STS_fitness
             1)          1.717         0.2286          0.247          -16.0          0.681         0.0625         1.0983         0.2591         0.0485         13.308         0.0033         0.4489       -10.8767         0.4387         0.8426          1.517         0.7634         0.2327        -9.9891         2.0527         0.0169            0.3
             2)          1.717         0.2286          0.247          -16.0          0.681         0.0625         1.0983         0.2591         0.0485         13.308         0.0033         0.4489       -10.8767         0.4387         0.8426          1.517         0.7634         0.2327        -9.9891         2.0527         0.0169            0.3
             3)         1.7468          0.213         0.2481       -15.7554         0.2517         0.0462         2.1102          0.327         0.0594         14.841         0.0034         0.4487       -10.8704         0.4402         0.8452         1.5189         0.7634         0.2357       -10.0588         1.7249         0.0152          0.375
12 )                         omega      phi_s_Hip      phi_e_Hip        Amp_Hip    phi_s_knee1    phi_e_knee1      Amp_knee1    phi_s_knee2    phi_e_knee2      Amp_knee2   phi_s_toeOff    dphi_toeOff     Amp_toeOff     phi_s_flex      dphi_flex       Amp_flex  phi_s_PushOff   dphi_PushOff    Amp_PushOff      x_fitness          U_fit    STS_fitness
             1)         1.7332         0.2276         0.2523       -15.8438         0.5656         0.0698          1.095         0.3031          0.049        14.1996         0.0034         0.4492       -10.8654         0.4463          0.843         1.5139         0.7636         0.2357        -9.9634         2.3402         0.0203          0.375
             2)         1.7332         0.2276         0.2523       -15.8438         0.5656         0.0698          1.095         0.3031          0.049        14.1996         0.0034         0.4492       -10.8654         0.4463          0.843         1.5139         0.7636         0.2357        -9.9634         2.3402         0.0203          0.375
             3)         1.7417         0.2251         0.2607       -15.6795         0.6702         0.0631        13.0023         0.3687         0.0401        16.0999         0.0032         0.4448       -10.8582         0.4456         0.8397         1.5172         0.7609         0.2348       -10.0072         1.6899         0.0144          0.405
13 )                         omega      phi_s_Hip      phi_e_Hip        Amp_Hip    phi_s_knee1    phi_e_knee1      Amp_knee1    phi_s_knee2    phi_e_knee2      Amp_knee2   phi_s_toeOff    dphi_toeOff     Amp_toeOff     phi_s_flex      dphi_flex       Amp_flex  phi_s_PushOff   dphi_PushOff    Amp_PushOff      x_fitness          U_fit    STS_fitness
             1)         1.7413         0.2104         0.2533       -15.9983         0.4271         0.0619         8.7454         0.2086         0.0433        16.1974         0.0034           0.45       -10.8719         0.4367         0.8379         1.5171         0.7685         0.2179       -10.0165         2.0572         0.0179          0.405
             2)         1.7413         0.2104         0.2533       -15.9983         0.4271         0.0619         8.7454         0.2086         0.0433        16.1974         0.0034           0.45       -10.8719         0.4367         0.8379         1.5171         0.7685         0.2179       -10.0165         2.0572         0.0179          0.405
             3)         1.7413         0.2104         0.2533       -15.9983         0.4271         0.0619         8.7454         0.2086         0.0433        16.1974         0.0034           0.45       -10.8719         0.4367         0.8379         1.5171         0.7685         0.2179       -10.0165         2.0572         0.0179          0.405
14 )                         omega      phi_s_Hip      phi_e_Hip        Amp_Hip    phi_s_knee1    phi_e_knee1      Amp_knee1    phi_s_knee2    phi_e_knee2      Amp_knee2   phi_s_toeOff    dphi_toeOff     Amp_toeOff     phi_s_flex      dphi_flex       Amp_flex  phi_s_PushOff   dphi_PushOff    Amp_PushOff      x_fitness          U_fit    STS_fitness
             1)         1.7241         0.2264         0.2608       -15.8961         0.4966         0.0619        11.2695         0.3855         0.0682        13.8193          0.004         0.4469        -10.874         0.4074         0.8415           1.52         0.7554         0.2348       -10.0277         1.9721         0.0165           0.32
             2)         1.7425         0.2272         0.2529       -15.7508         0.5173         0.0607         7.8098         0.4396         0.0666        12.1798         0.0031         0.4498       -10.8559         0.4444         0.8452         1.5148         0.7505         0.2204        -9.9984         1.9699         0.0168           0.33
             3)         1.7071         0.2226         0.2574       -15.9079         0.3653         0.0495         0.3984         0.1741          0.054        16.4431         0.0034         0.4487       -10.8618           0.44         0.8401         1.5103         0.7672         0.2215        -9.9608         1.6243         0.0135          0.405
15 )                         omega      phi_s_Hip      phi_e_Hip        Amp_Hip    phi_s_knee1    phi_e_knee1      Amp_knee1    phi_s_knee2    phi_e_knee2      Amp_knee2   phi_s_toeOff    dphi_toeOff     Amp_toeOff     phi_s_flex      dphi_flex       Amp_flex  phi_s_PushOff   dphi_PushOff    Amp_PushOff      x_fitness          U_fit    STS_fitness
             1)         1.7323         0.2301         0.2547       -15.9733         0.4331         0.0605         7.9388         0.2357         0.0507         17.895         0.0032           0.45       -10.8577         0.4456         0.8397         1.5137         0.7574         0.2332        -9.9685         2.1873         0.0186          0.405
             2)         1.7323         0.2301         0.2547       -15.9733         0.4331         0.0605         7.9388         0.2357         0.0507         17.895         0.0032           0.45       -10.8577         0.4456         0.8397         1.5137         0.7574         0.2332        -9.9685         2.1873         0.0186          0.405
             3)         1.7247         0.2047         0.2591       -15.7059         0.5958         0.0685         8.9686         0.2585         0.0416        14.7535         0.0037           0.45       -10.8661         0.4398          0.839           1.52         0.7442         0.2331        -9.9668         1.4694         0.0123          0.405
             6)         1.7247         0.2047         0.2591       -15.7059         0.5958         0.0685         8.9686         0.2585         0.0416        14.7535         0.0037           0.45       -10.8661         0.4398          0.839           1.52         0.7442         0.2331        -9.9668         1.4694         0.0123          0.405
16 )                         omega      phi_s_Hip      phi_e_Hip        Amp_Hip    phi_s_knee1    phi_e_knee1      Amp_knee1    phi_s_knee2    phi_e_knee2      Amp_knee2   phi_s_toeOff    dphi_toeOff     Amp_toeOff     phi_s_flex      dphi_flex       Amp_flex  phi_s_PushOff   dphi_PushOff    Amp_PushOff      x_fitness          U_fit    STS_fitness
             1)         1.7471         0.2344           0.26       -15.8821         0.5897         0.0629           1.76         0.3654         0.0428        14.8873         0.0035         0.4495       -10.8661           0.45         0.8443         1.4886         0.7497          0.226       -10.0713         1.7988         0.0153           0.31
             2)         1.7471         0.2344           0.26       -15.8821         0.5897         0.0629           1.76         0.3654         0.0428        14.8873         0.0035         0.4495       -10.8661           0.45         0.8443         1.4886         0.7497          0.226       -10.0713         1.7988         0.0153           0.31
             3)          1.726         0.2065         0.2516       -15.7079         0.4411          0.073         9.0274         0.4938         0.0416        16.1116         0.0038         0.4498       -10.8633         0.4392         0.8397         1.5192         0.7575         0.2325       -10.0059         1.5762         0.0135          0.405
17 )                         omega      phi_s_Hip      phi_e_Hip        Amp_Hip    phi_s_knee1    phi_e_knee1      Amp_knee1    phi_s_knee2    phi_e_knee2      Amp_knee2   phi_s_toeOff    dphi_toeOff     Amp_toeOff     phi_s_flex      dphi_flex       Amp_flex  phi_s_PushOff   dphi_PushOff    Amp_PushOff      x_fitness          U_fit    STS_fitness
             1)         1.7377         0.2307         0.2543       -15.7865         0.5124         0.0672          8.626         0.1964         0.0401         19.897         0.0031         0.4493       -10.8636         0.4466         0.8545         1.5189         0.7597         0.2343        -9.9763         2.0697         0.0173           0.31
             2)         1.7377         0.2307         0.2543       -15.7865         0.5124         0.0672          8.626         0.1964         0.0401         19.897         0.0031         0.4493       -10.8636         0.4466         0.8545         1.5189         0.7597         0.2343        -9.9763         2.0697         0.0173           0.31
             3)         1.7274         0.2267         0.2566       -15.7982         0.2884         0.0607            0.0         0.2474         0.0602           20.0         0.0034          0.447       -10.8664         0.4416         0.8555         1.5188          0.766         0.2261         -9.978         1.6446          0.014           0.39
18 )                         omega      phi_s_Hip      phi_e_Hip        Amp_Hip    phi_s_knee1    phi_e_knee1      Amp_knee1    phi_s_knee2    phi_e_knee2      Amp_knee2   phi_s_toeOff    dphi_toeOff     Amp_toeOff     phi_s_flex      dphi_flex       Amp_flex  phi_s_PushOff   dphi_PushOff    Amp_PushOff      x_fitness          U_fit    STS_fitness
             1)         1.7336         0.2247         0.2498       -15.9001         0.4438          0.038         9.1859          0.419         0.0426        17.7884         0.0033         0.4406       -10.8719         0.4448         0.8565         1.5177          0.763         0.2338       -10.0044         2.1298          0.018          0.345
             2)         1.7336         0.2247         0.2498       -15.9001         0.4438          0.038         9.1859          0.419         0.0426        17.7884         0.0033         0.4406       -10.8719         0.4448         0.8565         1.5177          0.763         0.2338       -10.0044         2.1298          0.018          0.345
             3)         1.7289         0.2043         0.2588       -15.8204         0.3521         0.0568          3.039         0.1589         0.0515        17.2618         0.0035         0.4464       -10.8529         0.4178         0.8449         1.5045         0.7504          0.229       -10.0513         1.5617         0.0133          0.405
19 )                         omega      phi_s_Hip      phi_e_Hip        Amp_Hip    phi_s_knee1    phi_e_knee1      Amp_knee1    phi_s_knee2    phi_e_knee2      Amp_knee2   phi_s_toeOff    dphi_toeOff     Amp_toeOff     phi_s_flex      dphi_flex       Amp_flex  phi_s_PushOff   dphi_PushOff    Amp_PushOff      x_fitness          U_fit    STS_fitness
             1)         1.7156         0.2164         0.2563       -15.9376         0.3037         0.0636          1.813         0.2418         0.0535        16.4544         0.0031         0.4493       -10.8703         0.4145          0.845         1.5179         0.7578         0.2355       -10.0036         2.0424         0.0171           0.33
             2)         1.7156         0.2164         0.2563       -15.9376         0.3037         0.0636          1.813         0.2418         0.0535        16.4544         0.0031         0.4493       -10.8703         0.4145          0.845         1.5179         0.7578         0.2355       -10.0036         2.0424         0.0171           0.33
             3)         1.7284         0.2223         0.2576       -15.8543         0.3143         0.0581         0.8667         0.2275         0.0723        19.3715         0.0037          0.447       -10.8798         0.4348         0.8433           1.52         0.7495         0.2321        -9.9803         1.5188         0.0127          0.405
