0 )                         omega      phi_s_Hip      phi_e_Hip        Amp_Hip    phi_s_knee1    phi_e_knee1      Amp_knee1    phi_s_knee2    phi_e_knee2      Amp_knee2   phi_s_toeOff    dphi_toeOff     Amp_toeOff     phi_s_flex      dphi_flex       Amp_flex  phi_s_PushOff   dphi_PushOff    Amp_PushOff      x_fitness          U_fit    STS_fitness
             1)         1.7173         0.2279         0.2458       -15.6654         0.3073         0.0651        14.4594         0.0821         0.0453        18.6413         0.0028         0.4368       -10.8754           0.45         0.8401         1.5167          0.749         0.2302       -10.0425         1.8449         0.0157          0.305
             2)         1.7173         0.2279         0.2458       -15.6654         0.3073         0.0651        14.4594         0.0821         0.0453        18.6413         0.0028         0.4368       -10.8754           0.45         0.8401         1.5167          0.749         0.2302       -10.0425         1.8449         0.0157          0.305
             3)         1.7331         0.2154         0.2446       -14.4133         0.8741         0.0712        16.5903         0.7274         0.0576        13.4886         0.0032         0.4447       -10.7513         0.4423         0.8534         1.4823         0.7541         0.2202       -10.0223          0.934          0.009          0.305
            12)         1.7331         0.2154         0.2446       -14.4133         0.8741         0.0712        16.5903         0.7274         0.0576        13.4886         0.0032         0.4447       -10.7513         0.4423         0.8534         1.4823         0.7541         0.2202       -10.0223          0.934          0.009          0.305
1 )                         omega      phi_s_Hip      phi_e_Hip        Amp_Hip    phi_s_knee1    phi_e_knee1      Amp_knee1    phi_s_knee2    phi_e_knee2      Amp_knee2   phi_s_toeOff    dphi_toeOff     Amp_toeOff     phi_s_flex      dphi_flex       Amp_flex  phi_s_PushOff   dphi_PushOff    Amp_PushOff      x_fitness          U_fit    STS_fitness
             1)         1.7175         0.2051         0.2447       -14.3673            0.9         0.0643         1.4371         0.3885         0.0534        14.8747         0.0035         0.4486       -10.8639         0.4476         0.8517         1.5063         0.7624         0.2007       -10.0321         1.8061         0.0158          0.305
             2)         1.7175         0.2051         0.2447       -14.3673            0.9         0.0643         1.4371         0.3885         0.0534        14.8747         0.0035         0.4486       -10.8639         0.4476         0.8517         1.5063         0.7624         0.2007       -10.0321         1.8061         0.0158          0.305
             3)          1.697         0.2146         0.2554       -15.8058         0.4919         0.0625         0.5601         0.7276         0.0502        12.0873         0.0035         0.4401       -10.8752         0.4345          0.839          1.489         0.7495         0.2118        -9.9584         1.1691         0.0099          0.305
             6)          1.697         0.2146         0.2554       -15.8058         0.4919         0.0625         0.5601         0.7276         0.0502        12.0873         0.0035         0.4401       -10.8752         0.4345          0.839          1.489         0.7495         0.2118        -9.9584         1.1691         0.0099          0.305
2 )                         omega      phi_s_Hip      phi_e_Hip        Amp_Hip    phi_s_knee1    phi_e_knee1      Amp_knee1    phi_s_knee2    phi_e_knee2      Amp_knee2   phi_s_toeOff    dphi_toeOff     Amp_toeOff     phi_s_flex      dphi_flex       Amp_flex  phi_s_PushOff   dphi_PushOff    Amp_PushOff      x_fitness          U_fit    STS_fitness
             1)         1.7262         0.2266         0.2506       -15.6291         0.8119         0.0776            0.0         0.4388         0.0477        17.4895         0.0027         0.4417       -10.8689         0.4365         0.8422         1.4867         0.7642         0.2327       -10.0346          1.954         0.0188          0.305
             2)         1.7262         0.2266         0.2506       -15.6291         0.8119         0.0776            0.0         0.4388         0.0477        17.4895         0.0027         0.4417       -10.8689         0.4365         0.8422         1.4867         0.7642         0.2327       -10.0346          1.954         0.0188          0.305
             3)         1.7494         0.2178         0.2522       -15.8031         0.3806         0.0637        17.3275         0.3749         0.0442        13.6179         0.0038         0.4452       -10.8666         0.4438         0.8527         1.5183         0.7628         0.2357         -9.991         1.7123         0.0146          0.305
             9)         1.7494         0.2178         0.2522       -15.8031         0.3806         0.0637        17.3275         0.3749         0.0442        13.6179         0.0038         0.4452       -10.8666         0.4438         0.8527         1.5183         0.7628         0.2357         -9.991         1.7123         0.0146          0.305
3 )                         omega      phi_s_Hip      phi_e_Hip        Amp_Hip    phi_s_knee1    phi_e_knee1      Amp_knee1    phi_s_knee2    phi_e_knee2      Amp_knee2   phi_s_toeOff    dphi_toeOff     Amp_toeOff     phi_s_flex      dphi_flex       Amp_flex  phi_s_PushOff   dphi_PushOff    Amp_PushOff      x_fitness          U_fit    STS_fitness
             1)         1.7408         0.2027         0.2489       -15.7548         0.3448         0.0709         0.0745         0.3438         0.0432        16.7547         0.0037          0.445       -10.8673         0.4379         0.8425         1.5179         0.7698         0.2308        -9.9984         1.7185          0.015          0.305
             2)         1.6934         0.2294         0.2393       -15.8024         0.3934         0.0516         1.4525         0.2108         0.0452         7.2489         0.0035         0.4475       -10.8723         0.4088         0.8578         1.4849         0.7495         0.2284        -9.9913         1.6873          0.016          0.305
             3)         1.7455         0.2039         0.2394        -15.722         0.3698         0.0821        12.1347         0.0376         0.0673        17.0319         0.0035          0.443       -10.8674         0.4456         0.8413         1.5166         0.7528         0.2282          -9.96         1.1834         0.0104          0.305
            10)         1.7455         0.2039         0.2394        -15.722         0.3698         0.0821        12.1347         0.0376         0.0673        17.0319         0.0035          0.443       -10.8674         0.4456         0.8413         1.5166         0.7528         0.2282          -9.96         1.1834         0.0104          0.305
4 )                         omega      phi_s_Hip      phi_e_Hip        Amp_Hip    phi_s_knee1    phi_e_knee1      Amp_knee1    phi_s_knee2    phi_e_knee2      Amp_knee2   phi_s_toeOff    dphi_toeOff     Amp_toeOff     phi_s_flex      dphi_flex       Amp_flex  phi_s_PushOff   dphi_PushOff    Amp_PushOff      x_fitness          U_fit    STS_fitness
             1)         1.7075         0.2064         0.2531       -15.6795         0.7957         0.0569        17.1875         0.3856         0.0493        17.7875         0.0033         0.4435       -10.8868         0.4415         0.8426         1.4842         0.7664         0.2172       -10.0247         1.9166         0.0164          0.305
             2)         1.7144         0.2325         0.2535       -15.8448         0.8182         0.0605         18.877          0.427         0.0452        12.9511         0.0039         0.4473       -10.8682         0.4433         0.8498           1.52         0.7638         0.2337        -9.9737         1.8587         0.0177          0.305
             3)         1.7372         0.1995         0.2524       -15.9407          0.703         0.0655        11.2892          0.249         0.0526           20.0         0.0034         0.4465       -10.8752           0.45         0.8506         1.5196         0.7579         0.2344       -10.0367         1.6055         0.0138          0.305
             9)         1.7372         0.1995         0.2524       -15.9407          0.703         0.0655        11.2892          0.249         0.0526           20.0         0.0034         0.4465       -10.8752           0.45         0.8506         1.5196         0.7579         0.2344       -10.0367         1.6055         0.0138          0.305
5 )                         omega      phi_s_Hip      phi_e_Hip        Amp_Hip    phi_s_knee1    phi_e_knee1      Amp_knee1    phi_s_knee2    phi_e_knee2      Amp_knee2   phi_s_toeOff    dphi_toeOff     Amp_toeOff     phi_s_flex      dphi_flex       Amp_flex  phi_s_PushOff   dphi_PushOff    Amp_PushOff      x_fitness          U_fit    STS_fitness
             1)         1.7013         0.1969         0.2477       -15.8201         0.5417         0.0527        17.3198         0.3604         0.0516          9.784         0.0038         0.4421       -10.8706          0.445         0.8408         1.4836         0.7599         0.2304        -9.9424         1.8582         0.0159          0.295
             2)         1.7494         0.2189         0.2541       -15.5307         0.5649         0.0654        16.9575         0.3832         0.0471         17.291         0.0038         0.4464       -10.8735           0.45         0.8389           1.52         0.7639         0.2209        -9.9931          1.789         0.0172            0.3
             3)         1.7491         0.2161         0.2395       -15.8547         0.7504         0.0478        17.4909         0.4209         0.0504        19.8926          0.003         0.4427       -10.8783         0.4378         0.8589         1.4878         0.7671         0.2307        -9.9517         1.2601         0.0119          0.305
            11)         1.7491         0.2161         0.2395       -15.8547         0.7504         0.0478        17.4909         0.4209         0.0504        19.8926          0.003         0.4427       -10.8783         0.4378         0.8589         1.4878         0.7671         0.2307        -9.9517         1.2601         0.0119          0.305
6 )                         omega      phi_s_Hip      phi_e_Hip        Amp_Hip    phi_s_knee1    phi_e_knee1      Amp_knee1    phi_s_knee2    phi_e_knee2      Amp_knee2   phi_s_toeOff    dphi_toeOff     Amp_toeOff     phi_s_flex      dphi_flex       Amp_flex  phi_s_PushOff   dphi_PushOff    Amp_PushOff      x_fitness          U_fit    STS_fitness
             1)         1.7341         0.2169         0.2474       -15.7188         0.7812          0.067         0.9083         0.2116         0.0462        18.5408         0.0037         0.4368       -10.8613         0.4071         0.8672         1.5172         0.7714         0.2275       -10.0408         1.7983         0.0157            0.3
             2)         1.7121         0.2178         0.2514        -15.604         0.5476         0.0647          19.23         0.0505         0.0457        17.7393         0.0036         0.4442       -10.8749           0.45         0.8481         1.5177         0.7614         0.2275       -10.0494          1.668         0.0166          0.305
             3)         1.6976         0.2028         0.2476       -14.3415         0.6026         0.0703        18.0525         0.3994         0.0466        15.9284         0.0039         0.4436        -10.867         0.4497         0.8403         1.4896         0.7629         0.2317        -9.9963         1.1767         0.0102          0.305
            13)         1.6976         0.2028         0.2476       -14.3415         0.6026         0.0703        18.0525         0.3994         0.0466        15.9284         0.0039         0.4436        -10.867         0.4497         0.8403         1.4896         0.7629         0.2317        -9.9963         1.1767         0.0102          0.305
7 )                         omega      phi_s_Hip      phi_e_Hip        Amp_Hip    phi_s_knee1    phi_e_knee1      Amp_knee1    phi_s_knee2    phi_e_knee2      Amp_knee2   phi_s_toeOff    dphi_toeOff     Amp_toeOff     phi_s_flex      dphi_flex       Amp_flex  phi_s_PushOff   dphi_PushOff    Amp_PushOff      x_fitness          U_fit    STS_fitness
             1)         1.6913         0.2046         0.2509       -15.8786         0.6048         0.0755        18.9304         0.3874         0.0387         17.117         0.0038         0.4426        -10.876         0.4438         0.8438         1.4869         0.7576         0.2332        -9.9835         1.8015         0.0171          0.295
             2)         1.6913         0.2046         0.2509       -15.8786         0.6048         0.0755        18.9304         0.3874         0.0387         17.117         0.0038         0.4426        -10.876         0.4438         0.8438         1.4869         0.7576         0.2332        -9.9835         1.8015         0.0171          0.295
             3)         1.6827         0.2104          0.249       -15.9063         0.3214           0.07        18.7363         0.4574         0.0455          6.086         0.0028         0.4433       -10.8731         0.4099         0.8504         1.4858         0.7478         0.2213        -9.9291          1.681         0.0141          0.305
             4)         1.6827         0.2104          0.249       -15.9063         0.3214           0.07        18.7363         0.4574         0.0455          6.086         0.0028         0.4433       -10.8731         0.4099         0.8504         1.4858         0.7478         0.2213        -9.9291          1.681         0.0141          0.305
8 )                         omega      phi_s_Hip      phi_e_Hip        Amp_Hip    phi_s_knee1    phi_e_knee1      Amp_knee1    phi_s_knee2    phi_e_knee2      Amp_knee2   phi_s_toeOff    dphi_toeOff     Amp_toeOff     phi_s_flex      dphi_flex       Amp_flex  phi_s_PushOff   dphi_PushOff    Amp_PushOff      x_fitness          U_fit    STS_fitness
             1)          1.703         0.2058         0.2515       -15.9151         0.6148         0.0789        18.0317         0.4047          0.042        17.7542         0.0039         0.4429       -10.8776         0.4427         0.8435         1.4878         0.7573         0.2316        -9.9823         1.6807         0.0146            0.3
             2)          1.703         0.2058         0.2515       -15.9151         0.6148         0.0789        18.0317         0.4047          0.042        17.7542         0.0039         0.4429       -10.8776         0.4427         0.8435         1.4878         0.7573         0.2316        -9.9823         1.6807         0.0146            0.3
             3)          1.719         0.2105         0.2573        -15.874         0.3478         0.0691            0.0         0.5066         0.0499         5.2421         0.0027         0.4473       -10.8587         0.4096         0.8525           1.52         0.7479         0.2185        -9.9278          1.063         0.0089          0.305
            10)          1.719         0.2105         0.2573        -15.874         0.3478         0.0691            0.0         0.5066         0.0499         5.2421         0.0027         0.4473       -10.8587         0.4096         0.8525           1.52         0.7479         0.2185        -9.9278          1.063         0.0089          0.305
9 )                         omega      phi_s_Hip      phi_e_Hip        Amp_Hip    phi_s_knee1    phi_e_knee1      Amp_knee1    phi_s_knee2    phi_e_knee2      Amp_knee2   phi_s_toeOff    dphi_toeOff     Amp_toeOff     phi_s_flex      dphi_flex       Amp_flex  phi_s_PushOff   dphi_PushOff    Amp_PushOff      x_fitness          U_fit    STS_fitness
             1)         1.7521         0.2073         0.2513       -15.8126         0.5245         0.0695            0.0         0.4438         0.0423           20.0         0.0027         0.4474       -10.8661           0.41         0.8528         1.5191         0.7476         0.2201        -9.9271         1.8679          0.016           0.29
             2)         1.7521         0.2073         0.2513       -15.8126         0.5245         0.0695            0.0         0.4438         0.0423           20.0         0.0027         0.4474       -10.8661           0.41         0.8528         1.5191         0.7476         0.2201        -9.9271         1.8679          0.016           0.29
             3)         1.7481         0.2015         0.2501       -15.5175         0.3151         0.0734         2.0372         0.0593         0.0339        18.2665         0.0037         0.4445       -10.8515         0.4389         0.8465         1.4818         0.7709         0.2303       -10.0261         1.6708         0.0145          0.305
             4)         1.7481         0.2015         0.2501       -15.5175         0.3151         0.0734         2.0372         0.0593         0.0339        18.2665         0.0037         0.4445       -10.8515         0.4389         0.8465         1.4818         0.7709         0.2303       -10.0261         1.6708         0.0145          0.305
