0 )                         omega      phi_s_Hip      phi_e_Hip        Amp_Hip    phi_s_knee1    phi_e_knee1      Amp_knee1    phi_s_knee2    phi_e_knee2      Amp_knee2   phi_s_toeOff    dphi_toeOff     Amp_toeOff     phi_s_flex      dphi_flex       Amp_flex  phi_s_PushOff   dphi_PushOff    Amp_PushOff      x_fitness          U_fit    STS_fitness
             1)         1.4423         0.2277         0.2688       -15.1745         0.2393         0.0361        18.7597          0.571         0.0393         3.1429         0.0034         0.4139       -10.8537         0.4136         0.8436         1.5193         0.7693         0.1944       -10.0987         0.8126         0.0079          0.195
             2)         1.7459         0.1965         0.2462       -15.8459         0.2218         0.0403        15.7758         0.3703         0.0627         1.6603         0.0032         0.4239       -10.8105         0.4184         0.8596         1.4804         0.7644         0.2082       -10.0603         0.8126          0.008          0.195
             3)         1.4423         0.2277         0.2688       -15.1745         0.2393         0.0361        18.7597          0.571         0.0393         3.1429         0.0034         0.4139       -10.8537         0.4136         0.8436         1.5193         0.7693         0.1944       -10.0987         0.8126         0.0079          0.195
             5)         1.4423         0.2277         0.2688       -15.1745         0.2393         0.0361        18.7597          0.571         0.0393         3.1429         0.0034         0.4139       -10.8537         0.4136         0.8436         1.5193         0.7693         0.1944       -10.0987         0.8126         0.0079          0.195
1 )                         omega      phi_s_Hip      phi_e_Hip        Amp_Hip    phi_s_knee1    phi_e_knee1      Amp_knee1    phi_s_knee2    phi_e_knee2      Amp_knee2   phi_s_toeOff    dphi_toeOff     Amp_toeOff     phi_s_flex      dphi_flex       Amp_flex  phi_s_PushOff   dphi_PushOff    Amp_PushOff      x_fitness          U_fit    STS_fitness
             1)         1.4603         0.2275         0.2689       -15.2065          0.216         0.0346        18.8316         0.5756         0.0368         3.6309         0.0033         0.4129       -10.8534          0.413         0.8441         1.5199         0.7687         0.1944          -10.1         0.8126         0.0072          0.195
             2)         1.4346         0.1978         0.2622       -14.3442         0.2984         0.0581         6.2833         0.0115         0.0825        10.1255         0.0026         0.4283       -10.8223         0.4456         0.8746         1.4868         0.7286         0.2005       -10.0314         0.8126         0.0081          0.195
             3)         1.4603         0.2275         0.2689       -15.2065          0.216         0.0346        18.8316         0.5756         0.0368         3.6309         0.0033         0.4129       -10.8534          0.413         0.8441         1.5199         0.7687         0.1944          -10.1         0.8126         0.0072          0.195
            42)         1.4603         0.2275         0.2689       -15.2065          0.216         0.0346        18.8316         0.5756         0.0368         3.6309         0.0033         0.4129       -10.8534          0.413         0.8441         1.5199         0.7687         0.1944          -10.1         0.8126         0.0072          0.195
2 )                         omega      phi_s_Hip      phi_e_Hip        Amp_Hip    phi_s_knee1    phi_e_knee1      Amp_knee1    phi_s_knee2    phi_e_knee2      Amp_knee2   phi_s_toeOff    dphi_toeOff     Amp_toeOff     phi_s_flex      dphi_flex       Amp_flex  phi_s_PushOff   dphi_PushOff    Amp_PushOff      x_fitness          U_fit    STS_fitness
             1)         1.4623          0.228         0.2681       -15.1936         0.2021         0.0355        19.0048         0.6238         0.0366         2.6174         0.0033         0.4127       -10.8502         0.4151         0.8444           1.52         0.7699         0.1964       -10.0912         0.8126         0.0075          0.195
             2)         1.5341         0.2295         0.2371        -15.885         0.1704         0.0736        12.9509         0.3074         0.0214         6.9523         0.0028         0.4444       -10.7122          0.422          0.859          1.485         0.7313         0.2073       -10.0881         0.8126          0.008          0.195
             3)         1.4623          0.228         0.2681       -15.1936         0.2021         0.0355        19.0048         0.6238         0.0366         2.6174         0.0033         0.4127       -10.8502         0.4151         0.8444           1.52         0.7699         0.1964       -10.0912         0.8126         0.0075          0.195
            24)         1.4623          0.228         0.2681       -15.1936         0.2021         0.0355        19.0048         0.6238         0.0366         2.6174         0.0033         0.4127       -10.8502         0.4151         0.8444           1.52         0.7699         0.1964       -10.0912         0.8126         0.0075          0.195
3 )                         omega      phi_s_Hip      phi_e_Hip        Amp_Hip    phi_s_knee1    phi_e_knee1      Amp_knee1    phi_s_knee2    phi_e_knee2      Amp_knee2   phi_s_toeOff    dphi_toeOff     Amp_toeOff     phi_s_flex      dphi_flex       Amp_flex  phi_s_PushOff   dphi_PushOff    Amp_PushOff      x_fitness          U_fit    STS_fitness
             1)         1.4577         0.2275         0.2694       -15.2751         0.2225         0.0355        19.8125         0.5592         0.0385         0.7175         0.0033         0.4115       -10.8416         0.4156         0.8455           1.52         0.7698         0.1944       -10.0925         0.8126         0.0069          0.195
             2)         1.6692         0.2357         0.2704       -15.3376         0.7984         0.0828         5.3384         0.6002         0.0347          7.642         0.0039         0.4216       -10.8778         0.4192         0.8461         1.4972          0.751         0.2004       -10.0186         0.8126         0.0082          0.195
             3)         1.4577         0.2275         0.2694       -15.2751         0.2225         0.0355        19.8125         0.5592         0.0385         0.7175         0.0033         0.4115       -10.8416         0.4156         0.8455           1.52         0.7698         0.1944       -10.0925         0.8126         0.0069          0.195
            51)         1.4577         0.2275         0.2694       -15.2751         0.2225         0.0355        19.8125         0.5592         0.0385         0.7175         0.0033         0.4115       -10.8416         0.4156         0.8455           1.52         0.7698         0.1944       -10.0925         0.8126         0.0069          0.195
4 )                         omega      phi_s_Hip      phi_e_Hip        Amp_Hip    phi_s_knee1    phi_e_knee1      Amp_knee1    phi_s_knee2    phi_e_knee2      Amp_knee2   phi_s_toeOff    dphi_toeOff     Amp_toeOff     phi_s_flex      dphi_flex       Amp_flex  phi_s_PushOff   dphi_PushOff    Amp_PushOff      x_fitness          U_fit    STS_fitness
             1)         1.4613         0.2267         0.2705       -15.1677         0.2179          0.036           20.0          0.487         0.0389         0.4469         0.0033         0.4131       -10.8467         0.4141         0.8439         1.5181         0.7687         0.1964       -10.0886         0.8126         0.0072          0.195
             2)         1.7446         0.2054         0.2689         -14.68         0.1998         0.0704         8.9357          0.204         0.0303        18.7703         0.0033         0.4116       -10.8298         0.4159         0.8524         1.4824         0.7307         0.2318        -9.9656         0.8126         0.0084          0.195
             3)         1.4613         0.2267         0.2705       -15.1677         0.2179          0.036           20.0          0.487         0.0389         0.4469         0.0033         0.4131       -10.8467         0.4141         0.8439         1.5181         0.7687         0.1964       -10.0886         0.8126         0.0072          0.195
            37)         1.4613         0.2267         0.2705       -15.1677         0.2179          0.036           20.0          0.487         0.0389         0.4469         0.0033         0.4131       -10.8467         0.4141         0.8439         1.5181         0.7687         0.1964       -10.0886         0.8126         0.0072          0.195
5 )                         omega      phi_s_Hip      phi_e_Hip        Amp_Hip    phi_s_knee1    phi_e_knee1      Amp_knee1    phi_s_knee2    phi_e_knee2      Amp_knee2   phi_s_toeOff    dphi_toeOff     Amp_toeOff     phi_s_flex      dphi_flex       Amp_flex  phi_s_PushOff   dphi_PushOff    Amp_PushOff      x_fitness          U_fit    STS_fitness
             1)         1.4616         0.2266         0.2691       -15.1757           0.21         0.0392           20.0         0.5025         0.0381            0.0         0.0034         0.4141       -10.8353          0.415         0.8472         1.5188          0.769         0.1965       -10.0892         0.8126         0.0074          0.195
             2)         1.7108         0.2051         0.2786       -15.9022         0.1119         0.0373        17.5664         0.7611          0.026        10.1238         0.0036         0.4498       -10.7181         0.4389         0.8567         1.4909          0.767         0.2061        -9.9872         0.8126         0.0082          0.195
             3)         1.4616         0.2266         0.2691       -15.1757           0.21         0.0392           20.0         0.5025         0.0381            0.0         0.0034         0.4141       -10.8353          0.415         0.8472         1.5188          0.769         0.1965       -10.0892         0.8126         0.0074          0.195
            20)         1.4616         0.2266         0.2691       -15.1757           0.21         0.0392           20.0         0.5025         0.0381            0.0         0.0034         0.4141       -10.8353          0.415         0.8472         1.5188          0.769         0.1965       -10.0892         0.8126         0.0074          0.195
6 )                         omega      phi_s_Hip      phi_e_Hip        Amp_Hip    phi_s_knee1    phi_e_knee1      Amp_knee1    phi_s_knee2    phi_e_knee2      Amp_knee2   phi_s_toeOff    dphi_toeOff     Amp_toeOff     phi_s_flex      dphi_flex       Amp_flex  phi_s_PushOff   dphi_PushOff    Amp_PushOff      x_fitness          U_fit    STS_fitness
             1)         1.4461         0.2286         0.2704        -15.193          0.238         0.0425           20.0         0.5522         0.0326         0.3414         0.0033         0.4129       -10.8343         0.4145          0.846         1.5192         0.7671          0.196       -10.0912         0.8126         0.0071          0.195
             2)         1.4589         0.2344         0.2732        -14.628          0.071         0.0798        13.4722         0.7934         0.0506         3.8523         0.0032         0.4126       -10.7938         0.4496         0.8437         1.4911         0.7349         0.2246          -10.1         0.8126         0.0077          0.195
             3)         1.4461         0.2286         0.2704        -15.193          0.238         0.0425           20.0         0.5522         0.0326         0.3414         0.0033         0.4129       -10.8343         0.4145          0.846         1.5192         0.7671          0.196       -10.0912         0.8126         0.0071          0.195
            42)         1.4461         0.2286         0.2704        -15.193          0.238         0.0425           20.0         0.5522         0.0326         0.3414         0.0033         0.4129       -10.8343         0.4145          0.846         1.5192         0.7671          0.196       -10.0912         0.8126         0.0071          0.195
7 )                         omega      phi_s_Hip      phi_e_Hip        Amp_Hip    phi_s_knee1    phi_e_knee1      Amp_knee1    phi_s_knee2    phi_e_knee2      Amp_knee2   phi_s_toeOff    dphi_toeOff     Amp_toeOff     phi_s_flex      dphi_flex       Amp_flex  phi_s_PushOff   dphi_PushOff    Amp_PushOff      x_fitness          U_fit    STS_fitness
             1)         1.4497         0.2268          0.269       -15.1022         0.2535         0.0439           20.0         0.5568         0.0315         0.8806         0.0034         0.4115       -10.8297         0.4146         0.8481         1.5185         0.7688         0.1966       -10.0845         0.8126         0.0067          0.195
             2)         1.4359         0.2179         0.2373       -15.2604         0.1632         0.0343        17.0852         0.4913          0.051         17.769         0.0024         0.4258       -10.8125         0.4398         0.8726          1.518         0.7686          0.233       -10.0991         0.8126          0.008          0.195
             3)         1.4497         0.2268          0.269       -15.1022         0.2535         0.0439           20.0         0.5568         0.0315         0.8806         0.0034         0.4115       -10.8297         0.4146         0.8481         1.5185         0.7688         0.1966       -10.0845         0.8126         0.0067          0.195
            58)         1.4497         0.2268          0.269       -15.1022         0.2535         0.0439           20.0         0.5568         0.0315         0.8806         0.0034         0.4115       -10.8297         0.4146         0.8481         1.5185         0.7688         0.1966       -10.0845         0.8126         0.0067          0.195
8 )                         omega      phi_s_Hip      phi_e_Hip        Amp_Hip    phi_s_knee1    phi_e_knee1      Amp_knee1    phi_s_knee2    phi_e_knee2      Amp_knee2   phi_s_toeOff    dphi_toeOff     Amp_toeOff     phi_s_flex      dphi_flex       Amp_flex  phi_s_PushOff   dphi_PushOff    Amp_PushOff      x_fitness          U_fit    STS_fitness
             1)         1.4509         0.2258         0.2684       -15.1423         0.2739         0.0407        19.7343         0.5748         0.0318         1.4104         0.0034         0.4134       -10.8332         0.4146         0.8473         1.5197         0.7673         0.1944       -10.0776         0.8126          0.007          0.195
             2)         1.4507         0.2063         0.2672        -15.851         0.2022         0.0839           20.0         0.6278         0.0351         0.9782         0.0033         0.4105       -10.8633         0.4141         0.8488         1.4978         0.7672         0.2108       -10.0985         0.8126         0.0079          0.195
             3)         1.4293         0.2033         0.2729       -15.2549         0.2407         0.0419        19.2072         0.4547         0.0379         5.3373         0.0033         0.4082       -10.8264         0.4335         0.8443         1.5186         0.7672         0.1959          -10.1         0.4545         0.0039          0.305
            45)         1.4509         0.2258         0.2684       -15.1423         0.2739         0.0407        19.7343         0.5748         0.0318         1.4104         0.0034         0.4134       -10.8332         0.4146         0.8473         1.5197         0.7673         0.1944       -10.0776         0.8126          0.007          0.195
9 )                         omega      phi_s_Hip      phi_e_Hip        Amp_Hip    phi_s_knee1    phi_e_knee1      Amp_knee1    phi_s_knee2    phi_e_knee2      Amp_knee2   phi_s_toeOff    dphi_toeOff     Amp_toeOff     phi_s_flex      dphi_flex       Amp_flex  phi_s_PushOff   dphi_PushOff    Amp_PushOff      x_fitness          U_fit    STS_fitness
             1)         1.4269         0.2041         0.2725       -15.2337         0.2266         0.0422         19.193         0.4458          0.038         6.0494         0.0033         0.4099       -10.8278         0.4352         0.8437         1.5189         0.7674         0.1968       -10.0982         0.8126         0.0072          0.195
             2)         1.6961         0.2212         0.2775       -15.0949         0.1838         0.0786        12.8506         0.5351         0.0397        13.2248         0.0031         0.4157       -10.8324         0.4181         0.8739         1.4989         0.7671         0.1993        -10.012         0.8126         0.0083          0.195
             3)         1.4269         0.2041         0.2725       -15.2337         0.2266         0.0422         19.193         0.4458          0.038         6.0494         0.0033         0.4099       -10.8278         0.4352         0.8437         1.5189         0.7674         0.1968       -10.0982         0.8126         0.0072          0.195
            25)         1.4269         0.2041         0.2725       -15.2337         0.2266         0.0422         19.193         0.4458          0.038         6.0494         0.0033         0.4099       -10.8278         0.4352         0.8437         1.5189         0.7674         0.1968       -10.0982         0.8126         0.0072          0.195
10 )                         omega      phi_s_Hip      phi_e_Hip        Amp_Hip    phi_s_knee1    phi_e_knee1      Amp_knee1    phi_s_knee2    phi_e_knee2      Amp_knee2   phi_s_toeOff    dphi_toeOff     Amp_toeOff     phi_s_flex      dphi_flex       Amp_flex  phi_s_PushOff   dphi_PushOff    Amp_PushOff      x_fitness          U_fit    STS_fitness
             1)         1.4211         0.2045         0.2714        -15.187         0.2886         0.0448        19.5474         0.4579         0.0386         6.2583         0.0033         0.4114       -10.8205         0.4366         0.8421         1.5188         0.7652         0.1982        -10.093         0.8126         0.0071          0.195
             2)         1.4539         0.2278         0.2751       -14.1204         0.5683         0.0771        12.3848         0.6201         0.0383         2.3083         0.0033          0.442       -10.8835         0.4184         0.8776         1.4904         0.7449         0.2011       -10.0085         0.8126         0.0084          0.195
             3)         1.4211         0.2045         0.2714        -15.187         0.2886         0.0448        19.5474         0.4579         0.0386         6.2583         0.0033         0.4114       -10.8205         0.4366         0.8421         1.5188         0.7652         0.1982        -10.093         0.8126         0.0071          0.195
            41)         1.4211         0.2045         0.2714        -15.187         0.2886         0.0448        19.5474         0.4579         0.0386         6.2583         0.0033         0.4114       -10.8205         0.4366         0.8421         1.5188         0.7652         0.1982        -10.093         0.8126         0.0071          0.195
11 )                         omega      phi_s_Hip      phi_e_Hip        Amp_Hip    phi_s_knee1    phi_e_knee1      Amp_knee1    phi_s_knee2    phi_e_knee2      Amp_knee2   phi_s_toeOff    dphi_toeOff     Amp_toeOff     phi_s_flex      dphi_flex       Amp_flex  phi_s_PushOff   dphi_PushOff    Amp_PushOff      x_fitness          U_fit    STS_fitness
             1)         1.4218         0.2042         0.2718       -15.1112         0.2833         0.0498        19.1442          0.473         0.0386          6.731         0.0033         0.4115       -10.8271         0.4361         0.8429         1.5195         0.7673         0.1986       -10.0923         0.8126         0.0071          0.195
             2)         1.4294          0.206         0.2719       -15.3674         0.2858         0.0427           20.0         0.0597         0.0381        13.0349         0.0031         0.4116       -10.8116         0.4161         0.8418         1.5189          0.765         0.1982       -10.0826         0.8126          0.008          0.195
             3)         1.4218         0.2042         0.2718       -15.1112         0.2833         0.0498        19.1442          0.473         0.0386          6.731         0.0033         0.4115       -10.8271         0.4361         0.8429         1.5195         0.7673         0.1986       -10.0923         0.8126         0.0071          0.195
            40)         1.4218         0.2042         0.2718       -15.1112         0.2833         0.0498        19.1442          0.473         0.0386          6.731         0.0033         0.4115       -10.8271         0.4361         0.8429         1.5195         0.7673         0.1986       -10.0923         0.8126         0.0071          0.195
12 )                         omega      phi_s_Hip      phi_e_Hip        Amp_Hip    phi_s_knee1    phi_e_knee1      Amp_knee1    phi_s_knee2    phi_e_knee2      Amp_knee2   phi_s_toeOff    dphi_toeOff     Amp_toeOff     phi_s_flex      dphi_flex       Amp_flex  phi_s_PushOff   dphi_PushOff    Amp_PushOff      x_fitness          U_fit    STS_fitness
             1)         1.4275         0.2048         0.2709       -15.1373         0.3283         0.0468        18.1608         0.5067          0.036         6.2587         0.0033         0.4132       -10.8289         0.4347         0.8437           1.52         0.7672         0.2002       -10.0964         0.8126         0.0069          0.195
             2)         1.4511         0.2068         0.2656       -15.3222         0.0618         0.0436         6.6119         0.5077         0.0428         7.6618         0.0035         0.4098        -10.852         0.4378         0.8444         1.4976         0.7702          0.198       -10.0496         0.8126         0.0081          0.195
             3)         1.4275         0.2048         0.2709       -15.1373         0.3283         0.0468        18.1608         0.5067          0.036         6.2587         0.0033         0.4132       -10.8289         0.4347         0.8437           1.52         0.7672         0.2002       -10.0964         0.8126         0.0069          0.195
            58)         1.4275         0.2048         0.2709       -15.1373         0.3283         0.0468        18.1608         0.5067          0.036         6.2587         0.0033         0.4132       -10.8289         0.4347         0.8437           1.52         0.7672         0.2002       -10.0964         0.8126         0.0069          0.195
13 )                         omega      phi_s_Hip      phi_e_Hip        Amp_Hip    phi_s_knee1    phi_e_knee1      Amp_knee1    phi_s_knee2    phi_e_knee2      Amp_knee2   phi_s_toeOff    dphi_toeOff     Amp_toeOff     phi_s_flex      dphi_flex       Amp_flex  phi_s_PushOff   dphi_PushOff    Amp_PushOff      x_fitness          U_fit    STS_fitness
             1)         1.4296         0.2041         0.2707       -15.0692         0.2625         0.0458        18.8755         0.5215         0.0384         6.6253         0.0032         0.4129       -10.8238          0.435         0.8432         1.5191         0.7656         0.1981          -10.1         0.8126         0.0074          0.195
             2)          1.412         0.2357          0.268        -15.092         0.2919         0.0444        19.1013         0.6324         0.0431         8.0895         0.0035          0.408       -10.8399         0.4082         0.8408           1.52         0.7338         0.2346        -10.074         0.8126         0.0081          0.195
             3)         1.4296         0.2041         0.2707       -15.0692         0.2625         0.0458        18.8755         0.5215         0.0384         6.6253         0.0032         0.4129       -10.8238          0.435         0.8432         1.5191         0.7656         0.1981          -10.1         0.8126         0.0074          0.195
            21)         1.4296         0.2041         0.2707       -15.0692         0.2625         0.0458        18.8755         0.5215         0.0384         6.6253         0.0032         0.4129       -10.8238          0.435         0.8432         1.5191         0.7656         0.1981          -10.1         0.8126         0.0074          0.195
14 )                         omega      phi_s_Hip      phi_e_Hip        Amp_Hip    phi_s_knee1    phi_e_knee1      Amp_knee1    phi_s_knee2    phi_e_knee2      Amp_knee2   phi_s_toeOff    dphi_toeOff     Amp_toeOff     phi_s_flex      dphi_flex       Amp_flex  phi_s_PushOff   dphi_PushOff    Amp_PushOff      x_fitness          U_fit    STS_fitness
             1)          1.424         0.2029         0.2716       -15.1277         0.2725         0.0451        18.5485         0.5306         0.0372         6.6122         0.0033         0.4141        -10.825         0.4356          0.843         1.5199         0.7646         0.1991       -10.0834         0.8126         0.0072          0.195
             2)         1.4978         0.2205         0.2668       -14.3133         0.3278         0.0827         3.7336         0.4285         0.0438         8.9018         0.0033         0.4287       -10.8758         0.4342         0.8449         1.4934         0.7714         0.2288       -10.0666         0.8126         0.0079          0.195
             3)          1.424         0.2029         0.2716       -15.1277         0.2725         0.0451        18.5485         0.5306         0.0372         6.6122         0.0033         0.4141        -10.825         0.4356          0.843         1.5199         0.7646         0.1991       -10.0834         0.8126         0.0072          0.195
            43)          1.424         0.2029         0.2716       -15.1277         0.2725         0.0451        18.5485         0.5306         0.0372         6.6122         0.0033         0.4141        -10.825         0.4356          0.843         1.5199         0.7646         0.1991       -10.0834         0.8126         0.0072          0.195
15 )                         omega      phi_s_Hip      phi_e_Hip        Amp_Hip    phi_s_knee1    phi_e_knee1      Amp_knee1    phi_s_knee2    phi_e_knee2      Amp_knee2   phi_s_toeOff    dphi_toeOff     Amp_toeOff     phi_s_flex      dphi_flex       Amp_flex  phi_s_PushOff   dphi_PushOff    Amp_PushOff      x_fitness          U_fit    STS_fitness
             1)         1.4314         0.2039         0.2716       -15.1753         0.2533         0.0455         18.394         0.5396         0.0383         7.5435         0.0032         0.4141        -10.828         0.4357         0.8418           1.52         0.7642         0.1982       -10.0825         0.8126         0.0077          0.195
             2)         1.4203         0.2244         0.2695       -14.2728         0.3352         0.0778         4.5599         0.4936         0.0494         7.8919         0.0033          0.428       -10.8792         0.4335         0.8524         1.4939         0.7705         0.2319       -10.0718         0.8126         0.0082          0.195
             3)         1.4314         0.2039         0.2716       -15.1753         0.2533         0.0455         18.394         0.5396         0.0383         7.5435         0.0032         0.4141        -10.828         0.4357         0.8418           1.52         0.7642         0.1982       -10.0825         0.8126         0.0077          0.195
             8)         1.4314         0.2039         0.2716       -15.1753         0.2533         0.0455         18.394         0.5396         0.0383         7.5435         0.0032         0.4141        -10.828         0.4357         0.8418           1.52         0.7642         0.1982       -10.0825         0.8126         0.0077          0.195
