0 )                         omega      phi_s_Hip      phi_e_Hip        Amp_Hip    phi_s_knee1    phi_e_knee1      Amp_knee1    phi_s_knee2    phi_e_knee2      Amp_knee2   phi_s_toeOff    dphi_toeOff     Amp_toeOff     phi_s_flex      dphi_flex       Amp_flex  phi_s_PushOff   dphi_PushOff    Amp_PushOff      x_fitness          U_fit    STS_fitness
             1)         1.7554         0.2032         0.2388       -15.9985         0.8846         0.0616        10.8228         0.6825         0.0308         9.6909         0.0037         0.4482       -10.8702          0.434         0.8558         1.5178         0.7558         0.2351       -10.0452         2.4926         0.0215          0.405
             2)         1.7554         0.2032         0.2388       -15.9985         0.8846         0.0616        10.8228         0.6825         0.0308         9.6909         0.0037         0.4482       -10.8702          0.434         0.8558         1.5178         0.7558         0.2351       -10.0452         2.4926         0.0215          0.405
             3)         1.7236         0.1984         0.2423       -15.2292          0.813         0.0624        17.8184          0.601          0.024        11.9022         0.0033         0.4371       -10.8608         0.4438         0.8528         1.5119         0.7527         0.2322       -10.0487         1.5459         0.0131          0.405
             5)         1.7236         0.1984         0.2423       -15.2292          0.813         0.0624        17.8184          0.601          0.024        11.9022         0.0033         0.4371       -10.8608         0.4438         0.8528         1.5119         0.7527         0.2322       -10.0487         1.5459         0.0131          0.405
1 )                         omega      phi_s_Hip      phi_e_Hip        Amp_Hip    phi_s_knee1    phi_e_knee1      Amp_knee1    phi_s_knee2    phi_e_knee2      Amp_knee2   phi_s_toeOff    dphi_toeOff     Amp_toeOff     phi_s_flex      dphi_flex       Amp_flex  phi_s_PushOff   dphi_PushOff    Amp_PushOff      x_fitness          U_fit    STS_fitness
             1)         1.7208         0.2193         0.2513       -15.6694         0.8987         0.0756        11.6634         0.5672         0.0529        18.1941         0.0034          0.446       -10.8625         0.4447         0.8538         1.5032         0.7553          0.234       -10.0151         1.9989         0.0174           0.32
             2)         1.7208         0.2193         0.2513       -15.6694         0.8987         0.0756        11.6634         0.5672         0.0529        18.1941         0.0034          0.446       -10.8625         0.4447         0.8538         1.5032         0.7553          0.234       -10.0151         1.9989         0.0174           0.32
             3)         1.7345         0.2106          0.241        -15.117         0.8688         0.0628        12.7415         0.5618         0.0399        14.1786         0.0038          0.449       -10.8656         0.4396         0.8522         1.5182          0.756         0.2351       -10.0534         1.4698         0.0127          0.405
2 )                         omega      phi_s_Hip      phi_e_Hip        Amp_Hip    phi_s_knee1    phi_e_knee1      Amp_knee1    phi_s_knee2    phi_e_knee2      Amp_knee2   phi_s_toeOff    dphi_toeOff     Amp_toeOff     phi_s_flex      dphi_flex       Amp_flex  phi_s_PushOff   dphi_PushOff    Amp_PushOff      x_fitness          U_fit    STS_fitness
             1)         1.7253         0.2115         0.2457       -15.9145         0.2243         0.0643        10.1873         0.2426         0.0248        11.4564         0.0035         0.4497       -10.8846         0.4462         0.8404          1.503          0.752         0.2299       -10.0767         2.0179         0.0172           0.32
             2)         1.7253         0.2115         0.2457       -15.9145         0.2243         0.0643        10.1873         0.2426         0.0248        11.4564         0.0035         0.4497       -10.8846         0.4462         0.8404          1.503          0.752         0.2299       -10.0767         2.0179         0.0172           0.32
             3)         1.7424         0.1956         0.2541       -15.9591            0.9           0.07        13.2725         0.6403         0.0275        15.9615         0.0037           0.45       -10.8791          0.435         0.8395         1.5187         0.7575         0.2342       -10.0332         1.4423         0.0125            0.4
3 )                         omega      phi_s_Hip      phi_e_Hip        Amp_Hip    phi_s_knee1    phi_e_knee1      Amp_knee1    phi_s_knee2    phi_e_knee2      Amp_knee2   phi_s_toeOff    dphi_toeOff     Amp_toeOff     phi_s_flex      dphi_flex       Amp_flex  phi_s_PushOff   dphi_PushOff    Amp_PushOff      x_fitness          U_fit    STS_fitness
             1)         1.7066         0.2054         0.2526       -15.5602         0.0524         0.0403          6.835         0.5672         0.0226        18.6986         0.0036         0.4447       -10.8819         0.4301         0.8357         1.5192         0.7619         0.2282       -10.0321         2.1577         0.0186           0.31
             2)         1.7066         0.2054         0.2526       -15.5602         0.0524         0.0403          6.835         0.5672         0.0226        18.6986         0.0036         0.4447       -10.8819         0.4301         0.8357         1.5192         0.7619         0.2282       -10.0321         2.1577         0.0186           0.31
             3)         1.7101         0.2069         0.2498        -15.806         0.8937         0.0658        12.7754         0.8599         0.0414         8.0194         0.0033         0.4489       -10.8829         0.4266         0.8665          1.509         0.7533         0.2294       -10.0476          1.892         0.0161          0.405
4 )                         omega      phi_s_Hip      phi_e_Hip        Amp_Hip    phi_s_knee1    phi_e_knee1      Amp_knee1    phi_s_knee2    phi_e_knee2      Amp_knee2   phi_s_toeOff    dphi_toeOff     Amp_toeOff     phi_s_flex      dphi_flex       Amp_flex  phi_s_PushOff   dphi_PushOff    Amp_PushOff      x_fitness          U_fit    STS_fitness
             1)         1.7347           0.22         0.2469       -15.8203         0.7417         0.0608         8.3662           0.71         0.0317        19.9142         0.0037         0.4445       -10.8516         0.4217         0.8553         1.5199         0.7558         0.2309       -10.0922         1.8791         0.0162           0.33
             2)         1.7347           0.22         0.2469       -15.8203         0.7417         0.0608         8.3662           0.71         0.0317        19.9142         0.0037         0.4445       -10.8516         0.4217         0.8553         1.5199         0.7558         0.2309       -10.0922         1.8791         0.0162           0.33
             3)         1.6976         0.1929         0.2536       -15.8691         0.6243         0.0674        14.7872         0.6588         0.0494        17.3468         0.0031         0.4454       -10.8696          0.426         0.8552         1.5178         0.7582         0.2329       -10.0432         1.4594         0.0132          0.405
             5)         1.6976         0.1929         0.2536       -15.8691         0.6243         0.0674        14.7872         0.6588         0.0494        17.3468         0.0031         0.4454       -10.8696          0.426         0.8552         1.5178         0.7582         0.2329       -10.0432         1.4594         0.0132          0.405
5 )                         omega      phi_s_Hip      phi_e_Hip        Amp_Hip    phi_s_knee1    phi_e_knee1      Amp_knee1    phi_s_knee2    phi_e_knee2      Amp_knee2   phi_s_toeOff    dphi_toeOff     Amp_toeOff     phi_s_flex      dphi_flex       Amp_flex  phi_s_PushOff   dphi_PushOff    Amp_PushOff      x_fitness          U_fit    STS_fitness
             1)          1.715         0.2013         0.2534       -15.9398         0.8318         0.0501         7.6693         0.5639         0.0254        13.5383         0.0033         0.4456       -10.8716         0.4277         0.8357         1.5197         0.7564         0.2285       -10.0244         2.0526         0.0175          0.315
             2)         1.7289         0.1929         0.2466       -15.9771         0.6112         0.0675         14.812         0.6849         0.0315         19.854         0.0037         0.4465       -10.8469         0.4249         0.8562           1.52         0.7575         0.2316       -10.0909         1.9928         0.0175          0.315
             3)         1.6885         0.1929         0.2411       -15.8411         0.6942         0.0523         7.9271         0.8226         0.0399         7.6241         0.0033         0.4435       -10.8741         0.4387         0.8661         1.5091         0.7587         0.2313       -10.0407         0.3205         0.0028          0.405
6 )                         omega      phi_s_Hip      phi_e_Hip        Amp_Hip    phi_s_knee1    phi_e_knee1      Amp_knee1    phi_s_knee2    phi_e_knee2      Amp_knee2   phi_s_toeOff    dphi_toeOff     Amp_toeOff     phi_s_flex      dphi_flex       Amp_flex  phi_s_PushOff   dphi_PushOff    Amp_PushOff      x_fitness          U_fit    STS_fitness
             1)         1.6885          0.219         0.2357       -15.7691            0.9         0.0554         8.5804         0.5618         0.0412        17.1889         0.0032         0.4453       -10.8724         0.4221         0.8551         1.5135         0.7553         0.2331       -10.0521         2.1095         0.0181          0.345
             2)         1.6885          0.219         0.2357       -15.7691            0.9         0.0554         8.5804         0.5618         0.0412        17.1889         0.0032         0.4453       -10.8724         0.4221         0.8551         1.5135         0.7553         0.2331       -10.0521         2.1095         0.0181          0.345
             3)         1.7021         0.2072         0.2366       -15.8634          0.636          0.068        10.9497         0.6273         0.0243        15.4043         0.0032         0.4465       -10.8689         0.4387         0.8509         1.5188         0.7552         0.2304       -10.0486         1.7445         0.0153           0.39
7 )                         omega      phi_s_Hip      phi_e_Hip        Amp_Hip    phi_s_knee1    phi_e_knee1      Amp_knee1    phi_s_knee2    phi_e_knee2      Amp_knee2   phi_s_toeOff    dphi_toeOff     Amp_toeOff     phi_s_flex      dphi_flex       Amp_flex  phi_s_PushOff   dphi_PushOff    Amp_PushOff      x_fitness          U_fit    STS_fitness
             1)         1.7011         0.1999          0.256       -15.9527         0.7859         0.0494        11.4628         0.5076         0.0388        16.6977         0.0033         0.4476       -10.8712         0.4343         0.8513         1.5183         0.7605         0.2278       -10.0716         1.9813         0.0169          0.335
             2)         1.7011         0.1999          0.256       -15.9527         0.7859         0.0494        11.4628         0.5076         0.0388        16.6977         0.0033         0.4476       -10.8712         0.4343         0.8513         1.5183         0.7605         0.2278       -10.0716         1.9813         0.0169          0.335
             3)         1.7333         0.1938         0.2419       -15.7224         0.6643           0.07        14.2174         0.7988         0.0358        16.9049         0.0031         0.4443       -10.8657         0.4216         0.8642            1.5         0.7522         0.2332       -10.0872         1.6301         0.0143          0.405
8 )                         omega      phi_s_Hip      phi_e_Hip        Amp_Hip    phi_s_knee1    phi_e_knee1      Amp_knee1    phi_s_knee2    phi_e_knee2      Amp_knee2   phi_s_toeOff    dphi_toeOff     Amp_toeOff     phi_s_flex      dphi_flex       Amp_flex  phi_s_PushOff   dphi_PushOff    Amp_PushOff      x_fitness          U_fit    STS_fitness
             1)         1.7422         0.2028         0.2526       -15.9354         0.7092           0.06        11.8904           0.56         0.0384        15.7482          0.003         0.4434       -10.8566         0.4281         0.8483         1.4997         0.7568         0.2286       -10.0432         2.0739         0.0185           0.32
             2)         1.7422         0.2028         0.2526       -15.9354         0.7092           0.06        11.8904           0.56         0.0384        15.7482          0.003         0.4434       -10.8566         0.4281         0.8483         1.4997         0.7568         0.2286       -10.0432         2.0739         0.0185           0.32
             3)         1.7123         0.2157         0.2386       -15.1362         0.8718         0.0745         8.5417         0.5138         0.0529        10.3523         0.0032         0.4437       -10.8673         0.4394         0.8552         1.5123         0.7522          0.233       -10.0342         1.2135         0.0111           0.34
9 )                         omega      phi_s_Hip      phi_e_Hip        Amp_Hip    phi_s_knee1    phi_e_knee1      Amp_knee1    phi_s_knee2    phi_e_knee2      Amp_knee2   phi_s_toeOff    dphi_toeOff     Amp_toeOff     phi_s_flex      dphi_flex       Amp_flex  phi_s_PushOff   dphi_PushOff    Amp_PushOff      x_fitness          U_fit    STS_fitness
             1)          1.769         0.2068         0.2522       -15.1929         0.6717         0.0626        11.9599         0.6134          0.045        10.1703         0.0036         0.4459        -10.845         0.4441         0.8401         1.5122         0.7551         0.2345        -10.062         2.0118          0.018          0.315
             2)          1.769         0.2068         0.2522       -15.1929         0.6717         0.0626        11.9599         0.6134          0.045        10.1703         0.0036         0.4459        -10.845         0.4441         0.8401         1.5122         0.7551         0.2345        -10.062         2.0118          0.018          0.315
             3)         1.7207         0.2159         0.2375       -15.5915         0.8832         0.0524        13.3354         0.7082         0.0276           20.0         0.0033         0.4457       -10.8717         0.4406         0.8495         1.5178         0.7511         0.2328       -10.0355         1.8766         0.0159          0.405
10 )                         omega      phi_s_Hip      phi_e_Hip        Amp_Hip    phi_s_knee1    phi_e_knee1      Amp_knee1    phi_s_knee2    phi_e_knee2      Amp_knee2   phi_s_toeOff    dphi_toeOff     Amp_toeOff     phi_s_flex      dphi_flex       Amp_flex  phi_s_PushOff   dphi_PushOff    Amp_PushOff      x_fitness          U_fit    STS_fitness
             1)         1.7263          0.208         0.2357       -15.7144         0.8368         0.0601         9.6805         0.5235         0.0452        19.5134         0.0037         0.4453       -10.8762         0.4376         0.8367         1.5136           0.76          0.232       -10.0482         2.5575         0.0208          0.405
             2)         1.7263          0.208         0.2357       -15.7144         0.8368         0.0601         9.6805         0.5235         0.0452        19.5134         0.0037         0.4453       -10.8762         0.4376         0.8367         1.5136           0.76          0.232       -10.0482         2.5575         0.0208          0.405
             3)         1.7293         0.2067         0.2701       -15.7437         0.6463         0.0608        14.1378         0.6736         0.0466        18.8905         0.0036         0.4457       -10.8811          0.418         0.8524         1.5127         0.7532          0.231       -10.0311         1.6217         0.0137          0.405
             4)         1.7293         0.2067         0.2701       -15.7437         0.6463         0.0608        14.1378         0.6736         0.0466        18.8905         0.0036         0.4457       -10.8811          0.418         0.8524         1.5127         0.7532          0.231       -10.0311         1.6217         0.0137          0.405
11 )                         omega      phi_s_Hip      phi_e_Hip        Amp_Hip    phi_s_knee1    phi_e_knee1      Amp_knee1    phi_s_knee2    phi_e_knee2      Amp_knee2   phi_s_toeOff    dphi_toeOff     Amp_toeOff     phi_s_flex      dphi_flex       Amp_flex  phi_s_PushOff   dphi_PushOff    Amp_PushOff      x_fitness          U_fit    STS_fitness
             1)         1.7171         0.2209         0.2568        -15.232         0.6545         0.0658         8.9075          0.481         0.0254        17.1193         0.0039           0.45       -10.8784         0.4395         0.8659         1.5196         0.7634         0.2297       -10.0726         2.0765         0.0185          0.345
             2)         1.7171         0.2209         0.2568        -15.232         0.6545         0.0658         8.9075          0.481         0.0254        17.1193         0.0039           0.45       -10.8784         0.4395         0.8659         1.5196         0.7634         0.2297       -10.0726         2.0765         0.0185          0.345
             3)         1.7197         0.2119         0.2494       -15.8508         0.8235         0.0621        13.8054         0.5142         0.0376        19.4487          0.003         0.4454       -10.8683         0.4211         0.8463         1.5153         0.7531          0.232       -10.0501         1.6021         0.0138          0.405
12 )                         omega      phi_s_Hip      phi_e_Hip        Amp_Hip    phi_s_knee1    phi_e_knee1      Amp_knee1    phi_s_knee2    phi_e_knee2      Amp_knee2   phi_s_toeOff    dphi_toeOff     Amp_toeOff     phi_s_flex      dphi_flex       Amp_flex  phi_s_PushOff   dphi_PushOff    Amp_PushOff      x_fitness          U_fit    STS_fitness
             1)         1.7539         0.2117         0.2471       -15.7269         0.8119         0.0601        10.6738           0.54         0.0432        17.2371         0.0034          0.443       -10.8607          0.447         0.8392         1.5195         0.7468         0.2357          -10.1         2.0338         0.0174           0.33
             2)         1.7539         0.2117         0.2471       -15.7269         0.8119         0.0601        10.6738           0.54         0.0432        17.2371         0.0034          0.443       -10.8607          0.447         0.8392         1.5195         0.7468         0.2357          -10.1         2.0338         0.0174           0.33
             3)         1.7129         0.2128         0.2552       -15.9442         0.7238         0.0592         7.1559          0.677         0.0433        16.5681         0.0031         0.4482       -10.8759         0.4349         0.8475           1.52          0.763         0.2277       -10.0741         1.2796          0.011          0.405
13 )                         omega      phi_s_Hip      phi_e_Hip        Amp_Hip    phi_s_knee1    phi_e_knee1      Amp_knee1    phi_s_knee2    phi_e_knee2      Amp_knee2   phi_s_toeOff    dphi_toeOff     Amp_toeOff     phi_s_flex      dphi_flex       Amp_flex  phi_s_PushOff   dphi_PushOff    Amp_PushOff      x_fitness          U_fit    STS_fitness
             1)         1.7172          0.208         0.2382       -15.3432         0.8149         0.0633        14.5464         0.6128         0.0559        17.4169         0.0041         0.4458       -10.8657         0.4463         0.8728         1.5186          0.756         0.2357       -10.0557         1.9913         0.0176           0.32
             2)         1.7172          0.208         0.2382       -15.3432         0.8149         0.0633        14.5464         0.6128         0.0559        17.4169         0.0041         0.4458       -10.8657         0.4463         0.8728         1.5186          0.756         0.2357       -10.0557         1.9913         0.0176           0.32
             3)         1.7508          0.208         0.2357       -15.8173         0.8127         0.0614         9.2448         0.5643         0.0434        16.9269         0.0038         0.4442       -10.8851         0.4451         0.8358         1.5137         0.7583         0.2328       -10.0957          1.211         0.0104           0.35
14 )                         omega      phi_s_Hip      phi_e_Hip        Amp_Hip    phi_s_knee1    phi_e_knee1      Amp_knee1    phi_s_knee2    phi_e_knee2      Amp_knee2   phi_s_toeOff    dphi_toeOff     Amp_toeOff     phi_s_flex      dphi_flex       Amp_flex  phi_s_PushOff   dphi_PushOff    Amp_PushOff      x_fitness          U_fit    STS_fitness
             1)         1.7106         0.2119         0.2359       -15.6111            0.9         0.0618         8.7906         0.4886         0.0452        18.9523         0.0037         0.4416       -10.8696         0.4365         0.8376         1.5131         0.7615         0.2337       -10.0325         2.0557         0.0183           0.32
             2)         1.7106         0.2119         0.2359       -15.6111            0.9         0.0618         8.7906         0.4886         0.0452        18.9523         0.0037         0.4416       -10.8696         0.4365         0.8376         1.5131         0.7615         0.2337       -10.0325         2.0557         0.0183           0.32
             3)         1.7565         0.2112         0.2395        -15.568         0.7429         0.0639        11.3068         0.4985         0.0279        18.2931         0.0037         0.4483       -10.8554         0.4349         0.8579         1.5135         0.7613         0.2338       -10.0052         1.2696         0.0107          0.405
15 )                         omega      phi_s_Hip      phi_e_Hip        Amp_Hip    phi_s_knee1    phi_e_knee1      Amp_knee1    phi_s_knee2    phi_e_knee2      Amp_knee2   phi_s_toeOff    dphi_toeOff     Amp_toeOff     phi_s_flex      dphi_flex       Amp_flex  phi_s_PushOff   dphi_PushOff    Amp_PushOff      x_fitness          U_fit    STS_fitness
             1)         1.7526         0.2123         0.2403       -15.5064          0.891         0.0638         7.6191         0.8828         0.0492        15.3097         0.0035         0.4463       -10.8645         0.4451         0.8522         1.5159           0.75         0.2315       -10.0906         1.9701         0.0165          0.305
             2)         1.7472         0.2026         0.2537       -15.7531         0.7933         0.0657        10.6835         0.4154         0.0289        18.2845         0.0038         0.4419       -10.8709          0.445         0.8703         1.5188         0.7622         0.2307       -10.0638         1.8883         0.0169            0.3
             3)         1.7336         0.1943         0.2357       -15.6444         0.7728         0.0607         8.7467         0.7116         0.0292        13.8996         0.0035         0.4477        -10.887         0.4392         0.8363         1.5138         0.7531         0.2339       -10.0846         1.7043         0.0151          0.405
16 )                         omega      phi_s_Hip      phi_e_Hip        Amp_Hip    phi_s_knee1    phi_e_knee1      Amp_knee1    phi_s_knee2    phi_e_knee2      Amp_knee2   phi_s_toeOff    dphi_toeOff     Amp_toeOff     phi_s_flex      dphi_flex       Amp_flex  phi_s_PushOff   dphi_PushOff    Amp_PushOff      x_fitness          U_fit    STS_fitness
             1)         1.7425          0.225         0.2605       -15.3631          0.815         0.0793         8.0775          0.587          0.037        16.9236         0.0038         0.4412       -10.8688         0.4374         0.8483         1.5056         0.7535         0.2213       -10.0382         2.5878         0.0224          0.405
             2)         1.7425          0.225         0.2605       -15.3631          0.815         0.0793         8.0775          0.587          0.037        16.9236         0.0038         0.4412       -10.8688         0.4374         0.8483         1.5056         0.7535         0.2213       -10.0382         2.5878         0.0224          0.405
             3)         1.7425          0.225         0.2605       -15.3631          0.815         0.0793         8.0775          0.587          0.037        16.9236         0.0038         0.4412       -10.8688         0.4374         0.8483         1.5056         0.7535         0.2213       -10.0382         2.5878         0.0224          0.405
17 )                         omega      phi_s_Hip      phi_e_Hip        Amp_Hip    phi_s_knee1    phi_e_knee1      Amp_knee1    phi_s_knee2    phi_e_knee2      Amp_knee2   phi_s_toeOff    dphi_toeOff     Amp_toeOff     phi_s_flex      dphi_flex       Amp_flex  phi_s_PushOff   dphi_PushOff    Amp_PushOff      x_fitness          U_fit    STS_fitness
             1)         1.7455         0.2122         0.2377       -15.3398         0.7821         0.0646         11.434         0.6022         0.0323        18.1011          0.003         0.4483       -10.8766         0.4387         0.8591           1.52         0.7508         0.2306       -10.0422         2.6932         0.0243          0.395
             2)         1.7455         0.2122         0.2377       -15.3398         0.7821         0.0646         11.434         0.6022         0.0323        18.1011          0.003         0.4483       -10.8766         0.4387         0.8591           1.52         0.7508         0.2306       -10.0422         2.6932         0.0243          0.395
             3)         1.7475         0.2233         0.2373       -15.6222         0.7567         0.0824          4.761         0.4404         0.0214        16.6642         0.0038         0.4429       -10.8639         0.4425          0.848         1.5157         0.7617         0.2326       -10.0937         1.6565         0.0141          0.405
18 )                         omega      phi_s_Hip      phi_e_Hip        Amp_Hip    phi_s_knee1    phi_e_knee1      Amp_knee1    phi_s_knee2    phi_e_knee2      Amp_knee2   phi_s_toeOff    dphi_toeOff     Amp_toeOff     phi_s_flex      dphi_flex       Amp_flex  phi_s_PushOff   dphi_PushOff    Amp_PushOff      x_fitness          U_fit    STS_fitness
             1)         1.7432         0.2072         0.2378       -15.9969         0.7803         0.0627        15.1601          0.636         0.0267        13.5289         0.0036         0.4466       -10.8713         0.4348         0.8565         1.5142         0.7521         0.2272       -10.0457         2.4699         0.0214          0.405
             2)         1.7432         0.2072         0.2378       -15.9969         0.7803         0.0627        15.1601          0.636         0.0267        13.5289         0.0036         0.4466       -10.8713         0.4348         0.8565         1.5142         0.7521         0.2272       -10.0457         2.4699         0.0214          0.405
             3)         1.7432         0.2072         0.2378       -15.9969         0.7803         0.0627        15.1601          0.636         0.0267        13.5289         0.0036         0.4466       -10.8713         0.4348         0.8565         1.5142         0.7521         0.2272       -10.0457         2.4699         0.0214          0.405
19 )                         omega      phi_s_Hip      phi_e_Hip        Amp_Hip    phi_s_knee1    phi_e_knee1      Amp_knee1    phi_s_knee2    phi_e_knee2      Amp_knee2   phi_s_toeOff    dphi_toeOff     Amp_toeOff     phi_s_flex      dphi_flex       Amp_flex  phi_s_PushOff   dphi_PushOff    Amp_PushOff      x_fitness          U_fit    STS_fitness
             1)         1.7435         0.2047         0.2468        -15.303         0.0576           0.07         9.2091         0.6094         0.0641        14.6753         0.0032         0.4464         -10.86         0.4351          0.851         1.5119         0.7509         0.2301       -10.0867         2.4279         0.0215          0.405
             2)         1.7435         0.2047         0.2468        -15.303         0.0576           0.07         9.2091         0.6094         0.0641        14.6753         0.0032         0.4464         -10.86         0.4351          0.851         1.5119         0.7509         0.2301       -10.0867         2.4279         0.0215          0.405
             3)         1.7435         0.2047         0.2468        -15.303         0.0576           0.07         9.2091         0.6094         0.0641        14.6753         0.0032         0.4464         -10.86         0.4351          0.851         1.5119         0.7509         0.2301       -10.0867         2.4279         0.0215          0.405
