0 )                         omega      phi_s_Hip      phi_e_Hip        Amp_Hip    phi_s_knee1    phi_e_knee1      Amp_knee1    phi_s_knee2    phi_e_knee2      Amp_knee2   phi_s_toeOff    dphi_toeOff     Amp_toeOff     phi_s_flex      dphi_flex       Amp_flex  phi_s_PushOff   dphi_PushOff    Amp_PushOff      x_fitness          U_fit    STS_fitness
             1)          1.726         0.2085         0.2498          -16.0         0.3684          0.068         0.8478         0.2708         0.0598        19.5368         0.0033         0.4486       -10.8695         0.4414         0.8413         1.5169         0.7558         0.2357       -10.0561         2.0114         0.0173          0.305
             2)          1.726         0.2085         0.2498          -16.0         0.3684          0.068         0.8478         0.2708         0.0598        19.5368         0.0033         0.4486       -10.8695         0.4414         0.8413         1.5169         0.7558         0.2357       -10.0561         2.0114         0.0173          0.305
             3)          1.726         0.2085         0.2498          -16.0         0.3684          0.068         0.8478         0.2708         0.0598        19.5368         0.0033         0.4486       -10.8695         0.4414         0.8413         1.5169         0.7558         0.2357       -10.0561         2.0114         0.0173          0.305
1 )                         omega      phi_s_Hip      phi_e_Hip        Amp_Hip    phi_s_knee1    phi_e_knee1      Amp_knee1    phi_s_knee2    phi_e_knee2      Amp_knee2   phi_s_toeOff    dphi_toeOff     Amp_toeOff     phi_s_flex      dphi_flex       Amp_flex  phi_s_PushOff   dphi_PushOff    Amp_PushOff      x_fitness          U_fit    STS_fitness
             1)         1.7324         0.2021         0.2413       -15.8392         0.2366         0.0541         0.2257         0.2241         0.0522        19.0152         0.0039         0.4361       -10.8614         0.4482         0.8395           1.52          0.759         0.2357        -9.9998         1.9156         0.0165          0.305
             2)         1.7324         0.2021         0.2413       -15.8392         0.2366         0.0541         0.2257         0.2241         0.0522        19.0152         0.0039         0.4361       -10.8614         0.4482         0.8395           1.52          0.759         0.2357        -9.9998         1.9156         0.0165          0.305
             3)         1.7248         0.2064         0.2388       -15.6103         0.6056         0.0504         0.5726         0.4937           0.05         17.116         0.0033         0.4483       -10.8849         0.4423         0.8421         1.5178         0.7544         0.2357        -10.074         1.7696         0.0155          0.305
             5)         1.7248         0.2064         0.2388       -15.6103         0.6056         0.0504         0.5726         0.4937           0.05         17.116         0.0033         0.4483       -10.8849         0.4423         0.8421         1.5178         0.7544         0.2357        -10.074         1.7696         0.0155          0.305
2 )                         omega      phi_s_Hip      phi_e_Hip        Amp_Hip    phi_s_knee1    phi_e_knee1      Amp_knee1    phi_s_knee2    phi_e_knee2      Amp_knee2   phi_s_toeOff    dphi_toeOff     Amp_toeOff     phi_s_flex      dphi_flex       Amp_flex  phi_s_PushOff   dphi_PushOff    Amp_PushOff      x_fitness          U_fit    STS_fitness
             1)         1.7332         0.2186         0.2568       -15.8307         0.4537         0.0812         0.8518         0.2296         0.0523        18.8746         0.0033         0.4481       -10.8583         0.4071         0.8582           1.52         0.7589         0.2268       -10.0158         1.8273         0.0155          0.305
             2)         1.7242         0.2041         0.2429        -15.866         0.4209         0.0539        17.2471         0.2234         0.0528        18.3619         0.0034         0.4358       -10.8627         0.4494         0.8395         1.5182         0.7579         0.2356       -10.0059         1.8206         0.0156            0.3
             3)         1.7592         0.2248         0.2538       -15.8199         0.2785         0.0758         0.9964         0.3453         0.0574        18.0589         0.0037         0.4493       -10.8666         0.4098         0.8452         1.5167         0.7593         0.2309        -9.9934           1.56         0.0136          0.305
             9)         1.7592         0.2248         0.2538       -15.8199         0.2785         0.0758         0.9964         0.3453         0.0574        18.0589         0.0037         0.4493       -10.8666         0.4098         0.8452         1.5167         0.7593         0.2309        -9.9934           1.56         0.0136          0.305
3 )                         omega      phi_s_Hip      phi_e_Hip        Amp_Hip    phi_s_knee1    phi_e_knee1      Amp_knee1    phi_s_knee2    phi_e_knee2      Amp_knee2   phi_s_toeOff    dphi_toeOff     Amp_toeOff     phi_s_flex      dphi_flex       Amp_flex  phi_s_PushOff   dphi_PushOff    Amp_PushOff      x_fitness          U_fit    STS_fitness
             1)         1.7235         0.2078         0.2372       -15.9391         0.4986         0.0523         1.1088         0.3156         0.0539        18.3305         0.0031         0.4461       -10.8768         0.4369         0.8417         1.5186         0.7494         0.2357        -9.9469          1.804         0.0156            0.3
             2)         1.7235         0.2078         0.2372       -15.9391         0.4986         0.0523         1.1088         0.3156         0.0539        18.3305         0.0031         0.4461       -10.8768         0.4369         0.8417         1.5186         0.7494         0.2357        -9.9469          1.804         0.0156            0.3
             3)         1.7371         0.2105         0.2397       -15.6443         0.3642         0.0465            0.0         0.4207         0.0512        17.4328         0.0038         0.4383       -10.8827         0.4442         0.8405           1.52         0.7485         0.2345       -10.0721         1.7167          0.015          0.305
             5)         1.7371         0.2105         0.2397       -15.6443         0.3642         0.0465            0.0         0.4207         0.0512        17.4328         0.0038         0.4383       -10.8827         0.4442         0.8405           1.52         0.7485         0.2345       -10.0721         1.7167          0.015          0.305
4 )                         omega      phi_s_Hip      phi_e_Hip        Amp_Hip    phi_s_knee1    phi_e_knee1      Amp_knee1    phi_s_knee2    phi_e_knee2      Amp_knee2   phi_s_toeOff    dphi_toeOff     Amp_toeOff     phi_s_flex      dphi_flex       Amp_flex  phi_s_PushOff   dphi_PushOff    Amp_PushOff      x_fitness          U_fit    STS_fitness
             1)         1.7254         0.2233         0.2547       -15.8553         0.6442         0.0393            0.0         0.2183         0.0453        16.4327         0.0031         0.4493       -10.8596         0.4072         0.8468           1.52         0.7621         0.2137        -9.9972         1.7775         0.0156          0.295
             2)         1.7254         0.2233         0.2547       -15.8553         0.6442         0.0393            0.0         0.2183         0.0453        16.4327         0.0031         0.4493       -10.8596         0.4072         0.8468           1.52         0.7621         0.2137        -9.9972         1.7775         0.0156          0.295
             3)          1.729         0.2209         0.2439       -15.7099         0.6267         0.0388            0.0         0.2481         0.0456        17.4267         0.0033         0.4455       -10.8661         0.4071         0.8481           1.52         0.7578          0.213       -10.0098         1.5261         0.0133          0.305
             6)          1.729         0.2209         0.2439       -15.7099         0.6267         0.0388            0.0         0.2481         0.0456        17.4267         0.0033         0.4455       -10.8661         0.4071         0.8481           1.52         0.7578          0.213       -10.0098         1.5261         0.0133          0.305
5 )                         omega      phi_s_Hip      phi_e_Hip        Amp_Hip    phi_s_knee1    phi_e_knee1      Amp_knee1    phi_s_knee2    phi_e_knee2      Amp_knee2   phi_s_toeOff    dphi_toeOff     Amp_toeOff     phi_s_flex      dphi_flex       Amp_flex  phi_s_PushOff   dphi_PushOff    Amp_PushOff      x_fitness          U_fit    STS_fitness
             1)         1.7157         0.2057         0.2385        -15.302         0.4109          0.047         1.3418         0.3664         0.0635        18.2677         0.0037         0.4485       -10.8793         0.4071         0.8481         1.5126         0.7448         0.2357       -10.0746         1.7975         0.0152          0.305
             2)         1.6987          0.212         0.2388        -15.567         0.3144         0.0403         1.4129         0.3825         0.0506        16.0012         0.0036         0.4387       -10.8637         0.4429         0.8409         1.5137         0.7411         0.2332       -10.0242         1.7449         0.0155          0.305
             3)         1.7394         0.2061         0.2381        -15.086         0.4259         0.0428            0.0         0.3433         0.0604        19.7861         0.0033         0.4498        -10.884         0.4414         0.8426         1.5119         0.7555         0.2357       -10.0809         1.6762         0.0153          0.305
             4)         1.7394         0.2061         0.2381        -15.086         0.4259         0.0428            0.0         0.3433         0.0604        19.7861         0.0033         0.4498        -10.884         0.4414         0.8426         1.5119         0.7555         0.2357       -10.0809         1.6762         0.0153          0.305
6 )                         omega      phi_s_Hip      phi_e_Hip        Amp_Hip    phi_s_knee1    phi_e_knee1      Amp_knee1    phi_s_knee2    phi_e_knee2      Amp_knee2   phi_s_toeOff    dphi_toeOff     Amp_toeOff     phi_s_flex      dphi_flex       Amp_flex  phi_s_PushOff   dphi_PushOff    Amp_PushOff      x_fitness          U_fit    STS_fitness
             1)         1.6994         0.2201         0.2583       -15.9399         0.6595         0.0357         2.5806         0.2164         0.0486        19.3399         0.0028         0.4495       -10.8674          0.411         0.8559         1.5178         0.7499         0.2261       -10.0342         1.8895         0.0162          0.305
             2)         1.7559         0.2234         0.2469       -15.8434         0.4216         0.0408        17.1287          0.239         0.0519        16.3868         0.0032         0.4473       -10.8698         0.4148         0.8382         1.5179         0.7477         0.2354       -10.0018         1.7839         0.0163            0.3
             3)          1.744         0.2121         0.2394       -15.5635         0.4296         0.0547            0.0         0.3111          0.056        18.8446         0.0033         0.4455       -10.8709         0.4492          0.857         1.5197         0.7527         0.2317        -10.035         1.3315         0.0118          0.305
            11)          1.744         0.2121         0.2394       -15.5635         0.4296         0.0547            0.0         0.3111          0.056        18.8446         0.0033         0.4455       -10.8709         0.4492          0.857         1.5197         0.7527         0.2317        -10.035         1.3315         0.0118          0.305
7 )                         omega      phi_s_Hip      phi_e_Hip        Amp_Hip    phi_s_knee1    phi_e_knee1      Amp_knee1    phi_s_knee2    phi_e_knee2      Amp_knee2   phi_s_toeOff    dphi_toeOff     Amp_toeOff     phi_s_flex      dphi_flex       Amp_flex  phi_s_PushOff   dphi_PushOff    Amp_PushOff      x_fitness          U_fit    STS_fitness
             1)          1.752         0.2079         0.2487        -15.908         0.3496         0.0562         2.8344         0.4531         0.0526        16.2954         0.0031         0.4464       -10.8671         0.4452         0.8395         1.5184         0.7467         0.2341        -9.9797         1.8578         0.0162          0.305
             2)          1.752         0.2079         0.2487        -15.908         0.3496         0.0562         2.8344         0.4531         0.0526        16.2954         0.0031         0.4464       -10.8671         0.4452         0.8395         1.5184         0.7467         0.2341        -9.9797         1.8578         0.0162          0.305
             3)          1.752         0.2079         0.2487        -15.908         0.3496         0.0562         2.8344         0.4531         0.0526        16.2954         0.0031         0.4464       -10.8671         0.4452         0.8395         1.5184         0.7467         0.2341        -9.9797         1.8578         0.0162          0.305
8 )                         omega      phi_s_Hip      phi_e_Hip        Amp_Hip    phi_s_knee1    phi_e_knee1      Amp_knee1    phi_s_knee2    phi_e_knee2      Amp_knee2   phi_s_toeOff    dphi_toeOff     Amp_toeOff     phi_s_flex      dphi_flex       Amp_flex  phi_s_PushOff   dphi_PushOff    Amp_PushOff      x_fitness          U_fit    STS_fitness
             1)          1.769         0.2276         0.2533       -15.1556         0.6542         0.0664        11.7835         0.2629         0.0489        15.9746         0.0033         0.4476         -10.88         0.4071          0.844          1.518         0.7456         0.2282       -10.0767         1.8567         0.0168          0.305
             2)          1.769         0.2276         0.2533       -15.1556         0.6542         0.0664        11.7835         0.2629         0.0489        15.9746         0.0033         0.4476         -10.88         0.4071          0.844          1.518         0.7456         0.2282       -10.0767         1.8567         0.0168          0.305
             3)          1.769         0.2276         0.2533       -15.1556         0.6542         0.0664        11.7835         0.2629         0.0489        15.9746         0.0033         0.4476         -10.88         0.4071          0.844          1.518         0.7456         0.2282       -10.0767         1.8567         0.0168          0.305
9 )                         omega      phi_s_Hip      phi_e_Hip        Amp_Hip    phi_s_knee1    phi_e_knee1      Amp_knee1    phi_s_knee2    phi_e_knee2      Amp_knee2   phi_s_toeOff    dphi_toeOff     Amp_toeOff     phi_s_flex      dphi_flex       Amp_flex  phi_s_PushOff   dphi_PushOff    Amp_PushOff      x_fitness          U_fit    STS_fitness
             1)         1.7152         0.2205         0.2383       -15.5376         0.4157          0.059         2.1366          0.304         0.0486        16.6356         0.0033           0.45       -10.8714         0.4467         0.8429           1.52          0.764         0.2313        -10.041         1.7642          0.015          0.305
             2)         1.7152         0.2205         0.2383       -15.5376         0.4157          0.059         2.1366          0.304         0.0486        16.6356         0.0033           0.45       -10.8714         0.4467         0.8429           1.52          0.764         0.2313        -10.041         1.7642          0.015          0.305
             3)         1.7471         0.2035         0.2492       -15.3766         0.4494         0.0697         4.4482         0.5617         0.0524        17.6223         0.0033         0.4485       -10.8718         0.4404         0.8435         1.5126         0.7446         0.2335       -10.0828         1.6962         0.0149          0.305
             4)         1.7471         0.2035         0.2492       -15.3766         0.4494         0.0697         4.4482         0.5617         0.0524        17.6223         0.0033         0.4485       -10.8718         0.4404         0.8435         1.5126         0.7446         0.2335       -10.0828         1.6962         0.0149          0.305
